%%MatrixMarket tensor coordinate real general
3 4 5 60
0 0 0          1
0 0 1          2
0 0 2          3
0 0 3          4
0 0 4          5
0 1 0          6
0 1 1          7
0 1 2          8
0 1 3          9
0 1 4         10
0 2 0         11
0 2 1         12
0 2 2         13
0 2 3         14
0 2 4         15
0 3 0         16
0 3 1         17
0 3 2         18
0 3 3         19
0 3 4         20
1 0 0         21
1 0 1         22
1 0 2         23
1 0 3         24
1 0 4         25
1 1 0         26
1 1 1         27
1 1 2         28
1 1 3         29
1 1 4         30
1 2 0         31
1 2 1         32
1 2 2         33
1 2 3         34
1 2 4         35
1 3 0         36
1 3 1         37
1 3 2         38
1 3 3         39
1 3 4         40
2 0 0         41
2 0 1         42
2 0 2         43
2 0 3         44
2 0 4         45
2 1 0         46
2 1 1         47
2 1 2         48
2 1 3         49
2 1 4         50
2 2 0         51
2 2 1         52
2 2 2         53
2 2 3         54
2 2 4         55
2 3 0         56
2 3 1         57
2 3 2         58
2 3 3         59
2 3 4         60
