%%MatrixMarket matrix coordinate real    general            
%-----------------------------------------------------
% Matrix generated by dlatmr in LAPACK/TESTING/MATGEN 
%-----------------------------------------------------
%   Parameters: 
%          L  =   10
%          M  =   10
%          N  =   10
%       DIST  =    S
% (IN) ISEED  = 3448 3832 1991 1697
% (OUT)ISEED  =  817 1749 1554  357  (for next in sequence)
%        SYM  =    N
%       MODE  =    6
%       COND  =   .1000E+01
%       DMAX  =   .1000E+01
%      RSIGN  =    F
%      GRADE  =    N
%      MODEL  =    6
%      CONDL  =   .1000E+01
%      MODER  =    6
%      CONDR  =   .1000E+01
%     PIVTNG  =    N
%     SPARSE  =  .65
%         KL  =  999
%         KU  =  999
%      ANORM  =  -.1000E+01
%       PACK  =    N
%-----------------------------------------------------
 10 10 10 394
   0    0    0     .1186200033407658E+00
   0    1    0    -.7261979095542159E-01
   0    2    0     .8816355302773360E-01
   0    5    0     .2784364417310954E+00
   0    6    0     .8718694558170696E+00
   0    0    1     .3022730270920491E+00
   0    2    1     .5529750354083731E+00
   0    7    1     .2521328982433388E+00
   0    1    2    -.8073159239522099E+00
   0    8    2    -.3653397608917928E+00
   0    0    3    -.8515101525054760E+00
   0    2    3    -.4813460334322528E+00
   0    3    3     .1774189645158941E-01
   0    5    3    -.9274892713468361E+00
   0    9    3    -.8088541119249655E+00
   0    0    4     .8036127237687722E+00
   0    6    4    -.9363575685684040E+00
   0    7    4    -.9836869234712466E+00
   0    8    4     .5908694434145687E+00
   0    9    4     .1801373501967092E+00
   0    0    5     .9507910758827407E+00
   0    2    5     .6910295397492021E+00
   0    4    5    -.5324421027146045E+00
   0    5    5    -.3680276641366831E+00
   0    1    6     .8465579954054832E+00
   0    3    6     .6546323104425156E+00
   0    4    6     .2902495392655524E+00
   0    5    6     .8547403762197874E+00
   0    0    7    -.5585127089044803E+00
   0    7    7    -.9580044329535653E+00
   0    2    9    -.9587619649518260E+00
   0    8    9     .9605583943704872E+00
   0    9    9     .3364096237561469E+00
   1    4    0     .6514454862780852E+00
   1    5    0    -.9241834607288339E+00
   1    7    0    -.7992864399561981E+00
   1    8    0     .6599690729359864E+00
   1    9    0    -.7997194860787644E+00
   1    1    1     .4925828852474936E+00
   1    8    1    -.9381355903735127E+00
   1    9    1     .9830220785263535E+00
   1    0    2     .4391156497396835E+00
   1    5    2    -.1366029523796186E-01
   1    9    2     .2407187511787825E+00
   1    0    3     .8242660795508314E+00
   1    3    3    -.1264525137954919E+00
   1    4    3    -.8934875827812547E+00
   1    6    3    -.4369641511216216E+00
   1    7    3     .6126096317725072E+00
   1    8    3    -.1991261634949453E+00
   1    2    5    -.4569090759690866E+00
   1    6    5     .7332358090977849E+00
   1    3    6    -.3525841738560231E+00
   1    4    6     .6742976800600857E+00
   1    5    6     .7630475768509157E+00
   1    9    6     .4380643991054640E+00
   1    0    7    -.4625044049254470E+00
   1    1    7     .7414680311822295E+00
   1    2    7     .1651364197548233E+00
   1    3    7    -.1231387601138394E+00
   1    4    7     .1301941165602472E-01
   1    7    7     .4558707279188425E+00
   1    1    8     .9341259972917513E+00
   1    1    9     .7432212814137316E+00
   1    2    9     .5320709596905004E-01
   1    3    9     .9103458589578182E+00
   1    4    9     .3946291433349316E+00
   1    5    9    -.7699236246474115E+00
   1    6    9    -.4929177226805095E+00
   2    3    0    -.6242055417408992E+00
   2    4    0    -.3350205761259062E+00
   2    0    1    -.2506207464607968E-01
   2    4    1    -.5811502698961917E+00
   2    9    1     .3840134066731835E+00
   2    5    2    -.3695791300402718E+00
   2    9    2    -.1651827889976047E+00
   2    2    3    -.4230646222290133E+00
   2    3    3     .4864315101069465E+00
   2    4    3    -.5596194045625325E+00
   2    6    3    -.9748681628999449E+00
   2    9    3    -.6974747337851497E+00
   2    0    4     .7737266979331210E+00
   2    2    4    -.2676531347442150E+00
   2    3    4     .9783666614009476E+00
   2    4    4     .8872089709674711E+00
   2    5    4     .8650824659740479E+00
   2    2    5     .1303242583338502E+00
   2    8    5    -.8810547729404306E-01
   2    0    6     .8655555573140106E-01
   2    1    6    -.2979764577521777E+00
   2    2    6    -.7158678825224669E+00
   2    3    6    -.9122862870982757E+00
   2    9    6     .9070140359890004E+00
   2    1    7    -.6424304099320679E+00
   2    3    7     .1028897576432044E+00
   2    6    7    -.5212723122366398E+00
   2    7    7    -.4056464730728564E+00
   2    8    7     .8695340754139380E-01
   2    9    7    -.5314794665032920E+00
   2    0    8     .2991068630116231E+00
   2    1    8     .5452125306972633E+00
   2    2    8     .9788469478819550E+00
   2    4    8    -.1743704760430305E+00
   2    8    8    -.2748943760525364E+00
   2    9    8    -.7605868218734528E+00
   2    2    9    -.9894331182801395E+00
   2    7    9     .1753794202496763E+00
   2    8    9    -.6108916393013075E+00
   3    0    0     .6851965837480876E+00
   3    2    0     .7905497312311880E+00
   3    3    0    -.8096469233278185E+00
   3    5    0     .8648092578771482E+00
   3    6    0     .3466401895013362E+00
   3    8    0     .5000291561582699E+00
   3    3    1     .9354645057179383E+00
   3    4    1    -.8797578540245112E+00
   3    6    1    -.9457302712819384E+00
   3    0    2     .7240055786192343E+00
   3    4    2     .7038125980811358E+00
   3    8    2     .7613557342183199E+00
   3    6    3    -.5721758823874481E+00
   3    8    3    -.2852625730596614E+00
   3    6    4     .6607304754026089E+00
   3    7    4    -.6765824155708557E+00
   3    8    4    -.3514859675092268E+00
   3    0    5     .1737613064534358E+00
   3    1    5    -.7440222601572799E-01
   3    3    5    -.5043770849713312E+00
   3    4    5     .1532973779914713E+00
   3    5    5    -.8353854684677273E+00
   3    6    5     .7576556090394391E+00
   3    7    5     .6464945503112247E+00
   3    5    6    -.9879999610578452E+00
   3    6    6    -.6583608108136545E+00
   3    9    6    -.5409913268802242E+00
   3    3    7    -.7468136378876054E+00
   3    8    7    -.9816687163873254E+00
   3    9    7     .6149854801730115E+00
   3    0    8     .8549245324898678E+00
   3    2    8     .3852781708555213E+00
   3    3    8    -.9135958682621990E+00
   3    4    8    -.6809608915156886E+00
   3    8    8     .6232196619000163E+00
   3    0    9    -.5300935302661500E+00
   3    1    9     .6474241042453528E+00
   3    6    9    -.4732643656450009E+00
   3    9    9    -.4767028637641815E+00
   4    1    0     .7203990260228537E+00
   4    2    0     .9811523876219965E+00
   4    3    0     .3571254513726743E+00
   4    7    0     .4760964095883438E+00
   4    1    1    -.8113775054437653E+00
   4    2    1    -.7906153117036112E+00
   4    3    1    -.2005098470871687E+00
   4    7    1     .1727229303688560E+00
   4    8    1     .6000231723958578E+00
   4    9    1     .4565414496637246E+00
   4    1    2     .1429511602638698E+00
   4    3    2    -.3747456382679601E+00
   4    6    2    -.5970920833661566E+00
   4    2    3     .8565859606831125E+00
   4    7    3     .7566274112605882E+00
   4    9    3     .2278006050486638E+00
   4    0    4    -.3829252003314636E+00
   4    2    4     .6406707097301663E+00
   4    4    4     .5637918621133977E+00
   4    5    4    -.1352900984249104E+00
   4    6    4    -.8442862307337791E+00
   4    7    4    -.2767700308052312E+00
   4    0    5    -.7340198298965319E+00
   4    4    5    -.4091065555078259E+00
   4    5    5    -.6708867345997049E-01
   4    6    5     .1400806341499745E+00
   4    8    5    -.1630230653998055E+00
   4    9    5    -.9756115189589636E+00
   4    0    6    -.1706626078065696E+00
   4    1    6     .5049598701209916E+00
   4    2    6    -.4916767052336795E+00
   4    0    7     .4834587391088263E-01
   4    1    7    -.5474213543630455E+00
   4    2    7    -.7249312171821813E+00
   4    4    7     .3849812499688383E+00
   4    7    7    -.8009313148783335E+00
   4    8    7    -.8975065021191853E-01
   4    1    8    -.7356416911939831E+00
   4    2    8    -.3537370114635436E+00
   4    4    8    -.6867091850564790E+00
   4    5    8     .6969063769104267E+00
   4    6    8    -.4643796272619554E+00
   4    9    8     .8597380530032481E+00
   4    2    9     .6193835444464142E+00
   4    3    9     .6398829779258293E+00
   4    8    9     .4635412971735562E+00
   5    4    0    -.4163300628948363E+00
   5    6    0     .5630913194498888E+00
   5    7    0     .8911585310314152E+00
   5    8    0    -.9312332094129872E+00
   5    2    1     .3537338262376934E+00
   5    4    1     .4629777017817176E+00
   5    5    1     .5127381041592756E+00
   5    6    1     .4949450234565873E+00
   5    9    1     .2097185428763240E+00
   5    2    2     .9823100900204125E+00
   5    7    2    -.8604392281700299E+00
   5    8    2    -.8516567560019368E+00
   5    6    3     .7390320869038902E-01
   5    8    3    -.4453381968260075E+00
   5    1    4    -.4584138972755838E+00
   5    2    4     .1269392823535966E+00
   5    4    4    -.7335554598770031E+00
   5    5    4    -.3235237919594951E+00
   5    8    4    -.8940499044026851E+00
   5    9    4     .5362491310992610E+00
   5    1    5     .1742398622235513E+00
   5    4    5     .8869509345288478E+00
   5    5    5    -.2455288138697185E+00
   5    9    5     .2285341724266488E-01
   5    0    6    -.6239708117428435E+00
   5    1    6    -.1096588267900955E-01
   5    2    6    -.3480866602532018E-01
   5    6    6    -.2982759227327776E+00
   5    9    6     .3784261093106309E+00
   5    0    7     .2910284148470126E+00
   5    1    7    -.4205402075017872E-01
   5    4    7     .2581390755638679E+00
   5    5    7    -.4154907143963484E+00
   5    6    7     .9190245366837146E+00
   5    7    7     .5624215497360936E+00
   5    8    7    -.3092989604169176E+00
   5    1    8     .8139464996929249E+00
   5    3    8     .6781579082933504E+00
   5    0    9    -.5903396013031497E+00
   5    1    9     .3954770070479086E+00
   5    3    9    -.4514607033548188E+00
   5    4    9    -.8165555754395584E+00
   5    5    9     .6257805394423670E+00
   5    6    9     .5805209109778460E+00
   5    7    9    -.5103476539132359E+00
   5    9    9    -.1582376335190574E+00
   6    5    0    -.9253903691456955E+00
   6    6    0     .7330072741024196E-01
   6    0    1     .7691195089898386E+00
   6    3    1    -.4366964530863058E+00
   6    8    1     .5082079176735377E+00
   6    1    2     .4223760779043531E+00
   6    3    2    -.2705615574351654E+00
   6    6    2    -.1580025527748816E+00
   6    7    2     .3282530577825256E+00
   6    8    2    -.2072119274065685E+00
   6    1    3    -.6137718369632452E+00
   6    2    3     .3922927909613136E+00
   6    4    3     .7692747959682791E+00
   6    6    3    -.8469802072311481E+00
   6    7    3     .8791814205909887E+00
   6    8    3    -.3732936337381929E+00
   6    0    4    -.4719123409824348E+00
   6    3    4    -.7681003256000665E+00
   6    4    4    -.8571097800453273E+00
   6    3    5     .6927066565479620E+00
   6    0    6     .5216516549672363E+00
   6    2    6    -.6994238237462795E+00
   6    3    6    -.2006724572628613E+00
   6    5    6    -.9824152341081387E+00
   6    7    6    -.2580082751690824E+00
   6    8    6     .2143828145061448E+00
   6    9    6     .1791016683410263E+00
   6    2    7    -.6833417973149025E+00
   6    4    7    -.6506936384777617E-01
   6    6    7    -.9482865790419268E+00
   6    7    7    -.8971920871548136E+00
   6    1    8    -.8887347779527133E+00
   6    3    8    -.6612022640780069E+00
   6    4    8    -.4282756343235619E+00
   6    5    8    -.3443458866419959E+00
   6    7    8    -.5439899615091619E+00
   6    9    8     .1496992208557018E+00
   6    0    9    -.4887249360562791E+00
   6    8    9    -.1150745210194870E+00
   7    3    0    -.3117260730331211E+00
   7    7    0     .2339083252009004E+00
   7    8    0    -.2323033752832586E+00
   7    9    0    -.7709633916621144E+00
   7    1    1    -.6828311832159883E+00
   7    2    1    -.4141177350291727E+00
   7    5    1    -.2463445709754168E+00
   7    0    2    -.1481327738887543E+00
   7    1    2     .1113802057650801E+00
   7    3    2     .5214562836406529E+00
   7    6    2    -.4480343958299926E-01
   7    3    3     .1562062769088541E+00
   7    4    3    -.2746026287906531E+00
   7    9    3     .9378836510110276E+00
   7    0    4     .4247733135194451E+00
   7    3    4    -.1723778356636601E+00
   7    6    4    -.1542460700399531E+00
   7    1    5    -.4489421569804719E+00
   7    3    5    -.5678067034312093E+00
   7    4    5    -.6719008961050221E+00
   7    1    6    -.5608339885573841E+00
   7    2    6    -.8783286896388276E+00
   7    3    6    -.2566233160805140E+00
   7    7    6     .7690187861371172E+00
   7    9    6     .9374593939544766E+00
   7    0    7     .5172628199829674E+00
   7    6    7    -.9007230628230261E+00
   7    7    7     .5808649399809909E+00
   7    2    8    -.3669799208939182E+00
   7    3    8    -.6728507344057491E+00
   7    5    8     .6593947241695020E-01
   7    9    8     .7951421843481583E+00
   7    7    9     .3988529608356330E+00
   7    8    9    -.2395170983333159E+00
   7    9    9    -.2525026657262615E+00
   8    1    0     .3776650003633293E+00
   8    4    0     .4293014152953063E+00
   8    5    0     .7778601902499034E+00
   8    0    1    -.8807130246453809E+00
   8    3    1     .3760186723639052E+00
   8    5    1     .3320507604899845E+00
   8    6    1     .1839628334953787E+00
   8    8    1     .8722626478881992E+00
   8    1    2     .6566162645268676E+00
   8    2    2    -.9617740596422024E+00
   8    3    2     .8284483176416941E+00
   8    6    2     .1247672391480847E-01
   8    7    2     .4922438308120221E+00
   8    8    2     .9005281433867438E+00
   8    9    2     .5370427763427443E-01
   8    1    3    -.5342127178591554E+00
   8    4    3     .2856661493969241E+00
   8    6    3    -.1966791860664827E+00
   8    8    3     .6131433798295589E+00
   8    9    3     .3983104185914854E+00
   8    2    4     .6829610746313293E+00
   8    3    4    -.6972033385425433E+00
   8    1    5    -.1643428569911904E+00
   8    3    5    -.4875282597269219E+00
   8    5    5     .3114109791263857E+00
   8    7    5     .5194021181113513E+00
   8    8    5    -.2533616153445095E+00
   8    9    5     .6767532896999811E+00
   8    0    6    -.4287827287921786E+00
   8    3    6     .7299019961213631E+00
   8    1    7    -.9901444587422858E+00
   8    5    7    -.5620008367876252E+00
   8    9    7    -.7522184971953081E+00
   8    6    8     .1893898424953662E+00
   8    9    8    -.5130813590442855E+00
   8    0    9    -.5531422349493980E+00
   8    1    9    -.2082811493063943E+00
   8    4    9    -.1079624285880953E-01
   8    6    9     .2163356465033672E-01
   9    0    0    -.8555297104601820E+00
   9    7    0     .2733978531704864E+00
   9    9    0    -.5279129727277905E+00
   9    0    1     .5600963501431764E+00
   9    2    1     .4675161355322999E+00
   9    4    1    -.7333212716354609E-01
   9    5    1    -.5689679467486073E+00
   9    7    1     .9901895025215168E-01
   9    0    2    -.2987551710663965E+00
   9    1    2     .4779091917998599E+00
   9    3    2     .3518062074182993E+00
   9    6    2    -.6339503152451442E-01
   9    7    2    -.1511597186253510E-01
   9    8    2     .4266437424493645E+00
   9    9    2     .3252514375984745E+00
   9    1    3     .4766682921003635E+00
   9    4    3    -.4896590141749115E+00
   9    6    3    -.4277460319853432E+00
   9    7    3    -.7300491657429049E+00
   9    2    4     .2984184482027743E+00
   9    3    4     .8051217339382291E+00
   9    6    4    -.9385627083551000E+00
   9    9    4    -.5252078740750150E+00
   9    0    5    -.1455030123184287E-01
   9    8    5    -.4992939994296179E+00
   9    9    5     .2375835420256323E-01
   9    0    6    -.2341607614587460E+00
   9    2    6    -.8423682006892292E+00
   9    4    6     .5020221561283407E+00
   9    0    7     .8261701378156729E+00
   9    1    7     .3640387618557455E+00
   9    2    7     .3555212774754253E+00
   9    9    7    -.8029061244382518E-01
   9    0    8    -.9301861305385017E-01
   9    3    8    -.8960088971297679E+00
   9    8    8     .3225941815561626E+00
   9    0    9    -.4545310552112127E+00
   9    1    9    -.1980064257084777E+00
   9    2    9    -.8172445767096619E+00
   9    4    9    -.4344181324476892E-02
   9    5    9     .9338616409413660E+00
   9    6    9    -.9402110306637539E+00
