%%MatrixMarket tensor coordinate real    general            
%-----------------------------------------------------
% Matrix generated by dlatmr in LAPACK/TESTING/MATGEN 
%-----------------------------------------------------
%   Parameters: 
%          L  =   10
%          M  =   10
%          N  =   10
%       DIST  =    S
% (IN) ISEED  =  817 1749 1554  357
% (OUT)ISEED  =   83  466 1060 1981  (for next in sequence)
%        SYM  =    N
%       MODE  =    6
%       COND  =   .1000E+01
%       DMAX  =   .1000E+01
%      RSIGN  =    F
%      GRADE  =    N
%      MODEL  =    6
%      CONDL  =   .1000E+01
%      MODER  =    6
%      CONDR  =   .1000E+01
%     PIVTNG  =    N
%     SPARSE  =  .65
%         KL  =  999
%         KU  =  999
%      ANORM  =  -.1000E+01
%       PACK  =    N
%-----------------------------------------------------
 10 10 10 350
   0    0    0    -.6258854355837684E+00
   0    3    0     .6372798204744825E+00
   0    5    0     .8013805040941762E+00
   0    6    0    -.1316623339614793E+00
   0    8    0    -.5171114934496970E+00
   0    9    0    -.3181410417847630E+00
   0    6    1     .8394901643765778E+00
   0    8    1     .2196978671897583E+00
   0    2    2    -.6484202316765888E+00
   0    4    2     .7205630259345313E+00
   0    8    2    -.9929011664961465E+00
   0    9    2     .1100179236792158E+00
   0    1    3     .7803808616949155E+00
   0    1    4    -.6145363963927295E+00
   0    2    4    -.6706258234174101E-01
   0    4    4    -.9111160270450327E+00
   0    5    4    -.5366482835956035E+00
   0    6    4     .5401108617523178E+00
   0    4    5    -.1010505752491824E+00
   0    6    5    -.6671187849293219E+00
   0    8    5    -.5217236186773491E+00
   0    0    6     .7175702599260845E+00
   0    1    6    -.6344081464011069E+00
   0    3    6     .6408770889444284E+00
   0    7    6    -.5887511342280831E+00
   0    8    6     .9105005422166883E+00
   0    9    6     .8204196579243117E+00
   0    2    7    -.7149842625252489E-01
   0    7    7    -.1563557984170743E+00
   0    8    7    -.1438621227958592E+00
   0    2    8    -.9392759550539083E+00
   0    8    8    -.9581002882892875E-01
   0    1    9     .5106395863776143E+00
   0    2    9     .2164229689211439E+00
   0    6    9     .5955692518543927E+00
   0    7    9     .2874942295335998E+00
   0    9    9     .7400138405142016E+00
   1    1    0     .3618577620072756E+00
   1    2    0     .7987365818666277E+00
   1    3    0    -.9656919787029423E+00
   1    8    0    -.5477379348138456E+00
   1    9    0     .7563289184161945E+00
   1    0    1     .8945635425080027E+00
   1    5    1     .2221389696765996E+00
   1    7    1    -.6661029258208870E+00
   1    8    1    -.4884719527592480E+00
   1    9    1    -.1290089030610986E+00
   1    3    2    -.1987625932668138E+00
   1    5    2    -.9139034615378065E+00
   1    7    2    -.8010498289792949E+00
   1    8    2     .5221228482150551E+00
   1    3    3    -.2015927113870575E+00
   1    4    3    -.6704835925341044E+00
   1    6    3    -.3783945591058497E+00
   1    7    3     .8706173527547278E+00
   1    0    4    -.8981846708213581E+00
   1    1    4     .9623508620504211E+00
   1    2    4     .6259734155356753E+00
   1    4    4    -.6911914442905740E+00
   1    7    4    -.5398994240012911E-01
   1    8    4     .8844033873540766E+00
   1    8    5     .3390904353309523E+00
   1    2    6     .9761909772967456E+00
   1    4    6     .3599874034341681E+00
   1    2    7     .6815028203576858E+00
   1    4    7    -.5322325777943817E+00
   1    6    7     .7293483791454278E+00
   1    2    8     .9096605857781199E+00
   1    5    8    -.1580785039009669E-01
   1    8    8     .2386247242369066E+00
   1    9    8     .1853947194501941E+00
   1    3    9     .9556881893554774E+00
   1    6    9    -.6026189510372078E+00
   1    8    9    -.9102936697046218E+00
   2    1    0    -.5126619060381401E+00
   2    2    0    -.8626937444205396E-01
   2    6    0     .3990225460179957E+00
   2    9    0     .9801184721881739E+00
   2    1    1     .9526949902808965E+00
   2    2    1    -.2520139467335270E-01
   2    3    1     .4784539816770703E+00
   2    5    1     .7636226139922044E+00
   2    7    1     .8165192823473504E+00
   2    8    1    -.5302961981802454E+00
   2    2    2    -.2685253981746243E+00
   2    6    2    -.2243132862414754E+00
   2    7    2    -.1661940879793846E+00
   2    8    2     .3869298311289882E+00
   2    9    2    -.5517604753377654E+00
   2    0    3    -.1507694530973680E-01
   2    2    3     .4548132246448588E+00
   2    9    3    -.2654524526660040E+00
   2    1    4     .6890329784713813E+00
   2    6    4     .6820278297954943E+00
   2    7    4    -.5550039978441745E+00
   2    8    4    -.9589666034518345E+00
   2    1    5    -.9588881267602787E+00
   2    4    5     .6078237202669712E+00
   2    1    6     .8893578209675539E+00
   2    2    6     .8420026155304541E+00
   2    3    6     .1641266139288078E+00
   2    5    6     .1879054003370086E+00
   2    6    6    -.2684632480860927E-01
   2    8    6    -.8574990764482422E+00
   2    5    7    -.8489466351368478E+00
   2    1    8     .1055180809137894E+00
   2    6    8    -.4919653814812293E+00
   2    1    9     .3576423236258464E+00
   2    3    9    -.2327780248139888E+00
   2    5    9    -.5844729099578601E+00
   2    8    9     .9825539332993074E+00
   3    0    0    -.4781918787550907E+00
   3    1    0     .1400062113024561E+00
   3    2    0    -.3307257764048686E+00
   3    2    1    -.3093299400488192E+00
   3    8    1    -.5252398744257434E+00
   3    9    1     .5854062294929250E+00
   3    1    2    -.8419818832415373E+00
   3    1    3     .4493438956604123E+00
   3    2    3    -.8487237216509342E+00
   3    8    3    -.7638344164696989E+00
   3    1    4     .7285187081519737E+00
   3    3    4     .6469468353027779E+00
   3    7    4    -.8802516965131915E+00
   3    8    4    -.7756465360201830E+00
   3    9    4    -.8443154192449853E+00
   3    4    5     .2216700687680557E+00
   3    6    5    -.5863088575911419E+00
   3    7    5    -.1962517918185185E+00
   3    8    5     .1012451174277444E+00
   3    8    6    -.2412516064325061E+00
   3    9    6     .3150427170533092E+00
   3    0    7     .6221177511153613E+00
   3    1    7     .6209502171680725E-01
   3    4    7     .2397367832063608E+00
   3    6    7    -.6116333682270110E+00
   3    7    8     .2848642797809831E+00
   3    1    9    -.3279278837827562E+00
   3    3    9     .1950315338699298E+00
   3    4    9    -.9206098674274799E+00
   3    7    9    -.5195987301776412E+00
   3    8    9    -.7918099242918046E+00
   4    7    0     .3666932087304886E+00
   4    3    1    -.7454213719997753E+00
   4    4    1     .8055577695799414E+00
   4    5    1    -.1502476896713389E+00
   4    7    1     .4636125101314761E+00
   4    5    2    -.7005198506976029E-01
   4    6    3     .6505678588656636E+00
   4    8    3     .1929574332782309E+00
   4    0    4     .8533563494760941E+00
   4    1    4     .7710516904288696E+00
   4    2    4    -.9865670975297505E+00
   4    6    4     .7428928259031196E+00
   4    1    5    -.9667894210550543E-01
   4    9    5    -.2075157332004025E+00
   4    0    6     .2095433898240415E+00
   4    1    6     .3603386375353068E-02
   4    5    6     .5306628978206405E+00
   4    7    6    -.7712362503372603E+00
   4    8    6    -.8224683489513538E+00
   4    9    6     .9906748776786074E+00
   4    1    7     .2988841223969203E+00
   4    2    7    -.6855170503243002E+00
   4    5    7    -.1708937656203346E-01
   4    7    7     .4727930377133092E+00
   4    8    7    -.2248301650617961E+00
   4    0    8     .7222491375635869E+00
   4    3    8     .5927936396194369E+00
   4    5    8    -.8919435345492772E+00
   4    0    9    -.5590409851454226E+00
   4    2    9    -.6325433364710520E+00
   4    3    9    -.8194186858126713E+00
   4    6    9     .9872416493016445E+00
   5    0    0    -.8697055098561393E+00
   5    1    0    -.7073181214338931E+00
   5    4    0    -.6332743192677910E+00
   5    8    0     .3828943357688459E+00
   5    9    0     .7886850219120802E+00
   5    1    1    -.5272990879986352E+00
   5    2    1     .1335097981138986E+00
   5    3    1    -.2901868153720031E+00
   5    6    1    -.4043864375466271E+00
   5    8    1     .8538142406677380E+00
   5    1    2    -.3041701835492958E+00
   5    3    2     .5181267922141686E+00
   5    4    2     .7317960860606902E+00
   5    5    2    -.3742350648207022E+00
   5    0    3    -.5422852394099706E+00
   5    3    3     .7880364139207998E+00
   5    4    3     .8232480199105865E+00
   5    0    4    -.4431971795868535E+00
   5    3    4    -.9393416710703590E+00
   5    6    4     .9315503524289639E+00
   5    8    4     .9739331204434123E+00
   5    3    5    -.7040732102949931E-01
   5    8    5     .4683559551738838E+00
   5    9    5    -.9841078054321244E+00
   5    6    6    -.3851510794220232E+00
   5    8    6    -.6506795904619125E+00
   5    9    6     .6168284538241906E+00
   5    0    7    -.8396518333161325E+00
   5    2    7    -.1373048608377800E+00
   5    5    7    -.6626368909909885E+00
   5    0    8     .9343502979144276E+00
   5    1    8    -.1748879115631823E+00
   5    2    8     .1223446285232583E+00
   5    9    8     .4389591071303656E+00
   5    0    9    -.7284905390252376E+00
   5    5    9     .6293098144804006E+00
   5    7    9     .6148018830147990E+00
   5    9    9     .7490850313234390E+00
   6    0    0     .6459208470455522E+00
   6    2    0    -.2672003714386832E+00
   6    6    0    -.6957284453965258E+00
   6    3    1    -.1193099286213268E+00
   6    7    1    -.4583920499959433E+00
   6    8    1     .5309233865294303E+00
   6    9    1     .5189189252939812E+00
   6    0    3     .1992069330907569E+00
   6    2    3     .3120991014575125E+00
   6    4    3     .4585883564124700E+00
   6    5    4    -.6868035131862413E+00
   6    6    4    -.7092260403835482E+00
   6    7    4     .4675453587185032E+00
   6    8    4    -.1927459169572714E+00
   6    9    4    -.9281335324675908E+00
   6    1    5    -.4862229963497029E+00
   6    4    5    -.6176240836400311E+00
   6    7    5    -.5403211213418757E-01
   6    8    5    -.2850862857095748E+00
   6    0    6     .6449486725292175E+00
   6    1    6     .9414217171806811E+00
   6    2    6     .8836888457971739E+00
   6    6    6    -.7678199481099313E-01
   6    7    6     .5005484738709711E+00
   6    8    6    -.8340717240077069E+00
   6    2    7     .7818672066191610E+00
   6    5    7     .8795026200176181E-01
   6    9    7    -.3215117988055098E+00
   6    1    8     .4962229239205342E+00
   6    8    8     .6816989320417477E+00
   6    2    9    -.8406247035621490E+00
   6    8    9     .4962171739985095E+00
   7    0    1    -.4695078589401973E+00
   7    7    1     .7160703115994593E+00
   7    8    1     .2153649577189540E+00
   7    0    2     .1534961791628078E+00
   7    3    2    -.9844571417451604E+00
   7    6    2     .1856632952635167E+00
   7    1    3     .7696024569115778E+00
   7    3    3     .7936570315831446E+00
   7    6    3    -.8867297326298953E+00
   7    4    4     .9640581185819954E+00
   7    4    5     .6952398924723653E+00
   7    7    5     .5447996861130164E+00
   7    8    5     .6376695004429749E+00
   7    9    5     .4966535875745208E+00
   7    1    6    -.7322149917984433E-01
   7    3    6     .3499639726477781E+00
   7    7    6     .6913541897423059E+00
   7    8    6     .6934297855293678E+00
   7    0    7     .4347678501165788E+00
   7    4    7     .8689745656252015E+00
   7    6    7    -.8824811826880108E-01
   7    0    8     .7981927301018530E+00
   7    3    8     .4938755502659049E+00
   7    4    8     .6002409129392348E+00
   7    7    8     .3346006178844121E+00
   7    1    9     .8605064272346468E+00
   7    9    9     .5424352665918448E+00
   8    0    0    -.2677605881886436E+00
   8    1    0    -.1865918710246817E+00
   8    3    0     .1281494877693845E+00
   8    7    0     .2883012096086830E+00
   8    3    1     .9077863447315409E+00
   8    5    1    -.9244603898394388E-01
   8    3    2     .2158815454197125E+00
   8    5    2     .5402619484861546E+00
   8    7    2    -.6317093673457848E+00
   8    8    2    -.3146608539764415E+00
   8    9    2    -.4552754490249171E+00
   8    0    3     .6644312009737874E+00
   8    1    3     .7637937397721899E+00
   8    2    3    -.8665391780711929E-01
   8    4    3     .3226615064622322E+00
   8    5    3    -.7878889606869208E+00
   8    6    3    -.6653813048775916E+00
   8    7    3    -.9626503087522380E+00
   8    8    3    -.5286809593238146E+00
   8    9    3    -.5840488285583589E+00
   8    0    4    -.6243810754212333E+00
   8    2    5     .1902210344113442E+00
   8    3    5    -.3564296359135923E+00
   8    5    5    -.1828811444856839E+00
   8    7    5    -.5550458860829153E+00
   8    8    5     .6588471330458461E+00
   8    9    5    -.2929391874154348E+00
   8    0    6    -.7068796398683261E+00
   8    6    6    -.9484389576623400E+00
   8    9    6     .3816755972374111E+00
   8    0    7     .1838932480921542E+00
   8    5    7    -.5633232193980504E+00
   8    6    7    -.8720821621345465E-02
   8    0    8    -.1843647854861032E+00
   8    1    8    -.1252528916031324E+00
   8    2    8     .4841857395262892E+00
   8    9    8     .8389385962220572E+00
   8    3    9     .3384824713392689E+00
   8    5    9    -.9814432974601317E-01
   8    7    9     .8881894097277794E+00
   8    8    9     .1803178562755718E+00
   8    9    9     .9097057627020178E-01
   9    0    0     .8930641359102154E+00
   9    1    0     .6289395797138653E+00
   9    2    0     .9822067648141299E+00
   9    5    0    -.5813786419041591E+00
   9    0    1    -.6695992636995740E+00
   9    3    1    -.6636015691752206E+00
   9    6    1    -.8951212675230451E+00
   9    8    1    -.1036731436905356E+00
   9    4    2     .2732177720190592E+00
   9    5    2     .7489179274370557E+00
   9    2    3     .6374633824061249E-01
   9    3    3    -.5485071935698826E+00
   9    5    3    -.4075090216663497E+00
   9    7    3    -.5213764238247265E+00
   9    1    4     .8609896599536810E+00
   9    3    4     .2976892579074004E+00
   9    6    4    -.3015611770674056E+00
   9    0    5     .3504624384755530E+00
   9    2    5    -.3052310843510710E+00
   9    4    5    -.6140049355647861E+00
   9    1    6    -.4974995511070901E+00
   9    3    6    -.1907177236308755E+00
   9    5    6    -.7991719994306763E+00
   9    7    6     .5368965220770363E+00
   9    9    6     .1320740296505747E+00
   9    3    7     .8721937496747572E+00
   9    4    7    -.6035345208294274E-01
   9    7    7     .3290765804547462E+00
   9    3    8     .5062026153575303E+00
   9    4    8     .7886305946152916E+00
   9    5    8    -.8062539128285593E+00
   9    6    8     .3952570918526277E-01
   9    9    8     .1423740239307918E+00
   9    2    9    -.9592622923164171E+00
   9    3    9    -.2040259683456256E+00
   9    7    9     .4023676380069290E+00
   9    8    9    -.9382287585146329E+00
