ans is a sparse tensor of size 20 x 20 x 20 with 1774 nonzeros
	( 1, 1, 2)    0.3950
	( 1, 1, 9)    0.3958
	( 1, 2, 2)    0.5609
	( 1, 2, 5)    0.8046
	( 1, 2, 6)    0.4617
	( 1, 2, 9)    0.4773
	( 1, 2,11)    0.9647
	( 1, 2,12)    0.7256
	( 1, 2,13)    0.0593
	( 1, 2,14)    0.6830
	( 1, 2,19)    0.2405
	( 1, 3,20)    0.5815
	( 1, 4,10)    0.3422
	( 1, 4,11)    0.7737
	( 1, 4,14)    0.4578
	( 1, 5, 4)    0.9087
	( 1, 6,10)    0.0022
	( 1, 6,17)    0.6853
	( 1, 6,18)    0.3804
	( 1, 6,19)    0.7071
	( 1, 7,13)    0.3886
	( 1, 7,14)    0.3239
	( 1, 7,16)    0.3114
	( 1, 7,19)    0.6786
	( 1, 8, 7)    0.4513
	( 1, 8, 8)    0.3114
	( 1, 8, 9)    0.9525
	( 1, 8,11)    0.8619
	( 1, 8,15)    0.0121
	( 1, 9,10)    0.4720
	( 1, 9,12)    0.1351
	( 1, 9,18)    0.3147
	( 1, 9,20)    0.6813
	( 1,10, 1)    0.3820
	( 1,10, 3)    0.9427
	( 1,10,10)    0.0549
	( 1,10,13)    0.2276
	( 1,10,15)    0.8945
	( 1,10,16)    0.0667
	( 1,10,19)    0.9084
	( 1,10,20)    0.2358
	( 1,11, 6)    0.9938
	( 1,11, 8)    0.7509
	( 1,11,10)    0.2002
	( 1,11,13)    0.3929
	( 1,11,16)    0.5762
	( 1,11,19)    0.2197
	( 1,12, 1)    0.1775
	( 1,12,16)    0.6182
	( 1,12,20)    0.5960
	( 1,13, 3)    0.4702
	( 1,13,10)    0.9587
	( 1,13,11)    0.9712
	( 1,13,18)    0.8210
	( 1,14, 7)    0.9620
	( 1,14,17)    0.0780
	( 1,14,19)    0.1277
	( 1,15, 2)    0.7360
	( 1,15,12)    0.2609
	( 1,15,17)    0.1408
	( 1,16, 1)    0.1939
	( 1,16, 5)    0.3639
	( 1,16, 7)    0.9079
	( 1,16, 8)    0.9227
	( 1,16,10)    0.3198
	( 1,17, 1)    0.6130
	( 1,17, 3)    0.8018
	( 1,17, 8)    0.8587
	( 1,17,13)    0.8459
	( 1,18, 1)    0.5975
	( 1,18, 6)    0.5897
	( 1,18,13)    0.1591
	( 1,18,16)    0.5504
	( 1,19,16)    0.8034
	( 1,20, 5)    0.1010
	( 1,20, 8)    0.3982
	( 1,20,10)    0.9925
	( 1,20,13)    0.6989
	( 1,20,14)    0.8833
	( 1,20,19)    0.3197
	( 2, 1, 9)    0.5273
	( 2, 1,18)    0.0033
	( 2, 1,19)    0.1926
	( 2, 2, 8)    0.8359
	( 2, 2,13)    0.4643
	( 2, 2,17)    0.2241
	( 2, 3, 2)    0.3087
	( 2, 3, 5)    0.5283
	( 2, 3, 8)    0.6157
	( 2, 3, 9)    0.5529
	( 2, 3,13)    0.5670
	( 2, 3,20)    0.9366
	( 2, 4, 5)    0.1226
	( 2, 4,20)    0.2162
	( 2, 5, 2)    0.1510
	( 2, 5, 4)    0.9409
	( 2, 5,14)    0.7118
	( 2, 6,19)    0.6286
	( 2, 7, 4)    0.9165
	( 2, 7, 5)    0.3707
	( 2, 7, 8)    0.1172
	( 2, 7,12)    0.9555
	( 2, 7,17)    0.1401
	( 2, 7,18)    0.9505
	( 2, 8, 2)    0.3128
	( 2, 8, 4)    0.4966
	( 2, 8, 5)    0.4699
	( 2, 8, 8)    0.7623
	( 2, 8, 9)    0.7510
	( 2, 8,20)    0.0355
	( 2, 9,15)    0.4336
	( 2, 9,18)    0.1895
	( 2,10, 2)    0.9445
	( 2,10, 3)    0.5398
	( 2,10, 5)    0.6276
	( 2,10, 7)    0.0439
	( 2,10, 9)    0.0689
	( 2,10,11)    0.6426
	( 2,10,13)    0.1669
	( 2,10,14)    0.3023
	( 2,10,19)    0.1314
	( 2,10,20)    0.0377
	( 2,11, 2)    0.3373
	( 2,11,12)    0.1542
	( 2,11,14)    0.7617
	( 2,11,15)    0.5610
	( 2,11,17)    0.1439
	( 2,11,20)    0.6167
	( 2,12,15)    0.2661
	( 2,12,20)    0.8608
	( 2,13, 2)    0.4978
	( 2,13, 8)    0.2698
	( 2,13, 9)    0.7624
	( 2,13,17)    0.6188
	( 2,14, 1)    0.8871
	( 2,14, 5)    0.3039
	( 2,14, 9)    0.0207
	( 2,14,10)    0.9834
	( 2,14,11)    0.9329
	( 2,14,12)    0.9543
	( 2,14,14)    0.5648
	( 2,14,16)    0.1082
	( 2,15, 4)    0.8555
	( 2,15, 6)    0.0271
	( 2,15,17)    0.4706
	( 2,15,18)    0.4837
	( 2,16, 1)    0.6158
	( 2,16, 2)    0.1410
	( 2,16,18)    0.3445
	( 2,17, 5)    0.4691
	( 2,18, 4)    0.4742
	( 2,18, 6)    0.9486
	( 2,18, 8)    0.3013
	( 2,18,13)    0.2389
	( 2,18,14)    0.6435
	( 2,19, 2)    0.3528
	( 2,19, 3)    0.0271
	( 2,19, 7)    0.6978
	( 2,19, 9)    0.4857
	( 2,19,14)    0.4997
	( 2,20, 2)    0.5168
	( 2,20, 8)    0.0077
	( 2,20,10)    0.6129
	( 2,20,13)    0.1379
	( 3, 1, 4)    0.4874
	( 3, 1, 8)    0.1285
	( 3, 1, 9)    0.6133
	( 3, 1,14)    0.0496
	( 3, 1,17)    0.3125
	( 3, 1,20)    0.1556
	( 3, 2, 3)    0.2689
	( 3, 2, 5)    0.9035
	( 3, 2,11)    0.5356
	( 3, 2,13)    0.9746
	( 3, 2,16)    0.7000
	( 3, 3, 4)    0.1629
	( 3, 3, 8)    0.8383
	( 3, 3,10)    0.3039
	( 3, 3,18)    0.2450
	( 3, 3,20)    0.7804
	( 3, 4, 1)    0.3420
	( 3, 4, 4)    0.7744
	( 3, 4, 5)    0.4455
	( 3, 4, 9)    0.8247
	( 3, 4,11)    0.3200
	( 3, 4,12)    0.9360
	( 3, 4,16)    0.6454
	( 3, 4,18)    0.0373
	( 3, 5, 7)    0.3976
	( 3, 5,14)    0.4356
	( 3, 5,20)    0.1420
	( 3, 6, 4)    0.2601
	( 3, 6, 9)    0.9845
	( 3, 6,14)    0.6855
	( 3, 6,19)    0.8105
	( 3, 6,20)    0.5008
	( 3, 7, 6)    0.4727
	( 3, 7, 7)    0.0161
	( 3, 7, 9)    0.0736
	( 3, 7,13)    0.2041
	( 3, 7,14)    0.9875
	( 3, 7,16)    0.0112
	( 3, 7,17)    0.1179
	( 3, 7,18)    0.8743
	( 3, 8, 2)    0.5409
	( 3, 8, 4)    0.4183
	( 3, 8, 5)    0.3113
	( 3, 8, 8)    0.3578
	( 3, 8,12)    0.4736
	( 3, 8,15)    0.7914
	( 3, 8,18)    0.9249
	( 3, 9, 1)    0.0538
	( 3, 9, 3)    0.0596
	( 3, 9, 6)    0.9811
	( 3, 9, 8)    0.3747
	( 3, 9,18)    0.1562
	( 3,10, 6)    0.0852
	( 3,10,11)    0.2903
	( 3,10,16)    0.9638
	( 3,10,17)    0.6873
	( 3,11, 1)    0.1650
	( 3,11,10)    0.2546
	( 3,11,11)    0.1948
	( 3,12, 9)    0.1826
	( 3,12,13)    0.8512
	( 3,12,15)    0.3308
	( 3,12,17)    0.1767
	( 3,12,18)    0.8938
	( 3,12,20)    0.0858
	( 3,13,14)    0.8366
	( 3,13,18)    0.2757
	( 3,14, 6)    0.6775
	( 3,14, 7)    0.8473
	( 3,14,10)    0.5096
	( 3,14,17)    0.1961
	( 3,15, 2)    0.4979
	( 3,15, 3)    0.1141
	( 3,15,11)    0.7468
	( 3,15,17)    0.6820
	( 3,16, 2)    0.6063
	( 3,16, 3)    0.4898
	( 3,16, 8)    0.0799
	( 3,16,13)    0.7178
	( 3,16,15)    0.3279
	( 3,16,18)    0.6242
	( 3,16,19)    0.6478
	( 3,17, 1)    0.6300
	( 3,17, 2)    0.5732
	( 3,17, 4)    0.8323
	( 3,17, 5)    0.3065
	( 3,17, 8)    0.8818
	( 3,17,10)    0.7633
	( 3,17,12)    0.7230
	( 3,17,15)    0.8832
	( 3,17,17)    0.6536
	( 3,18, 1)    0.2284
	( 3,18, 6)    0.6910
	( 3,18, 9)    0.8497
	( 3,18,19)    0.1442
	( 3,18,20)    0.4572
	( 3,19, 4)    0.0096
	( 3,19, 6)    0.9255
	( 3,19, 8)    0.9447
	( 3,19,10)    0.9528
	( 3,19,12)    0.3084
	( 3,19,16)    0.6206
	( 3,20, 2)    0.1583
	( 3,20, 3)    0.4358
	( 3,20, 6)    0.6763
	( 3,20,11)    0.6508
	( 3,20,12)    0.5722
	( 3,20,20)    0.1348
	( 4, 1, 7)    0.2228
	( 4, 1,12)    0.4010
	( 4, 1,18)    0.7863
	( 4, 2, 3)    0.2832
	( 4, 2, 4)    0.2709
	( 4, 2,17)    0.6054
	( 4, 3, 1)    0.9204
	( 4, 3, 2)    0.8774
	( 4, 3, 3)    0.5726
	( 4, 3, 6)    0.1810
	( 4, 3,12)    0.7366
	( 4, 3,16)    0.8252
	( 4, 3,20)    0.5582
	( 4, 4, 1)    0.4017
	( 4, 4, 3)    0.6268
	( 4, 4,10)    0.6846
	( 4, 4,11)    0.2858
	( 4, 4,12)    0.0149
	( 4, 4,13)    0.5183
	( 4, 4,14)    0.6293
	( 4, 4,17)    0.3001
	( 4, 4,19)    0.2685
	( 4, 4,20)    0.5738
	( 4, 5, 1)    0.1138
	( 4, 5,10)    0.5494
	( 4, 5,11)    0.0026
	( 4, 6, 6)    0.8922
	( 4, 6,11)    0.0127
	( 4, 6,15)    0.3043
	( 4, 6,16)    0.7479
	( 4, 7, 3)    0.8544
	( 4, 7, 4)    0.3111
	( 4, 7, 6)    0.9439
	( 4, 8, 2)    0.9029
	( 4, 8, 9)    0.0283
	( 4, 8,10)    0.6641
	( 4, 8,11)    0.9201
	( 4, 8,16)    0.9413
	( 4, 9,11)    0.5401
	( 4, 9,12)    0.7152
	( 4, 9,20)    0.7315
	( 4,10, 3)    0.4460
	( 4,10, 6)    0.6510
	( 4,10,16)    0.2887
	( 4,11, 1)    0.8323
	( 4,11, 2)    0.7141
	( 4,11, 3)    0.2418
	( 4,11, 4)    0.2426
	( 4,11, 9)    0.3674
	( 4,11,10)    0.2296
	( 4,11,12)    0.3247
	( 4,11,14)    0.6652
	( 4,11,20)    0.0038
	( 4,12, 1)    0.7068
	( 4,12, 3)    0.8290
	( 4,12, 4)    0.7346
	( 4,12, 6)    0.3196
	( 4,12, 8)    0.9508
	( 4,12,13)    0.4421
	( 4,12,16)    0.8391
	( 4,12,18)    0.4510
	( 4,13, 2)    0.7797
	( 4,13, 4)    0.4232
	( 4,13,12)    0.5044
	( 4,13,13)    0.7693
	( 4,13,20)    0.4519
	( 4,14, 3)    0.5715
	( 4,14, 9)    0.3966
	( 4,14,12)    0.6378
	( 4,14,13)    0.4663
	( 4,14,15)    0.4733
	( 4,15, 2)    0.3175
	( 4,15, 3)    0.3368
	( 4,15, 5)    0.7936
	( 4,15, 9)    0.8903
	( 4,15,14)    0.9992
	( 4,15,16)    0.6405
	( 4,15,18)    0.8668
	( 4,15,20)    0.2733
	( 4,16, 4)    0.9292
	( 4,16, 5)    0.8976
	( 4,16, 8)    0.3903
	( 4,16,10)    0.8100
	( 4,16,11)    0.6885
	( 4,16,14)    0.0734
	( 4,16,16)    0.5484
	( 4,16,18)    0.7904
	( 4,17,13)    0.4294
	( 4,17,20)    0.2544
	( 4,18, 2)    0.5146
	( 4,18, 9)    0.8320
	( 4,18,15)    0.2395
	( 4,18,16)    0.5478
	( 4,18,17)    0.0765
	( 4,19, 1)    0.2133
	( 4,19, 6)    0.8516
	( 4,19,12)    0.1211
	( 4,19,13)    0.3435
	( 4,19,14)    0.7699
	( 4,19,15)    0.5342
	( 4,19,18)    0.9627
	( 4,19,19)    0.8566
	( 4,20, 5)    0.2268
	( 4,20,12)    0.5412
	( 5, 1, 3)    0.3918
	( 5, 1, 8)    0.0718
	( 5, 1, 9)    0.6553
	( 5, 1,19)    0.4252
	( 5, 1,20)    0.4351
	( 5, 2, 1)    0.6422
	( 5, 2, 2)    0.4908
	( 5, 2, 3)    0.5018
	( 5, 2,12)    0.6856
	( 5, 3, 3)    0.4697
	( 5, 3, 9)    0.6780
	( 5, 3,16)    0.9701
	( 5, 3,19)    0.1233
	( 5, 4, 2)    0.2387
	( 5, 4, 4)    0.3150
	( 5, 4,17)    0.0458
	( 5, 4,20)    0.5111
	( 5, 5, 1)    0.8436
	( 5, 5, 5)    0.2025
	( 5, 5, 9)    0.1316
	( 5, 5,12)    0.9487
	( 5, 5,16)    0.9786
	( 5, 5,18)    0.8655
	( 5, 6, 7)    0.3100
	( 5, 6,18)    0.2175
	( 5, 6,20)    0.7521
	( 5, 7, 1)    0.4734
	( 5, 7, 2)    0.4389
	( 5, 7, 5)    0.0355
	( 5, 7, 8)    0.5979
	( 5, 7,12)    0.0233
	( 5, 7,13)    0.5621
	( 5, 7,16)    0.2475
	( 5, 7,18)    0.8242
	( 5, 7,20)    0.6877
	( 5, 8, 1)    0.8047
	( 5, 8, 2)    0.8194
	( 5, 8, 6)    0.4005
	( 5, 8,20)    0.3069
	( 5, 9, 9)    0.9933
	( 5, 9,10)    0.7129
	( 5, 9,11)    0.7724
	( 5, 9,13)    0.5971
	( 5, 9,15)    0.3062
	( 5,10, 2)    0.3161
	( 5,10, 4)    0.1616
	( 5,10, 8)    0.0132
	( 5,10,15)    0.1663
	( 5,10,18)    0.1463
	( 5,10,19)    0.9533
	( 5,11, 2)    0.2971
	( 5,11, 8)    0.8560
	( 5,11,12)    0.8147
	( 5,11,18)    0.0173
	( 5,12,14)    0.3455
	( 5,12,16)    0.7687
	( 5,13, 2)    0.6831
	( 5,13,10)    0.2753
	( 5,13,11)    0.9778
	( 5,13,14)    0.6064
	( 5,14, 6)    0.9046
	( 5,14,13)    0.6444
	( 5,14,15)    0.4397
	( 5,14,16)    0.6778
	( 5,15,10)    0.4778
	( 5,15,15)    0.1778
	( 5,15,17)    0.0348
	( 5,16, 2)    0.6338
	( 5,16, 4)    0.7358
	( 5,16,11)    0.0006
	( 5,17, 4)    0.2125
	( 5,17, 6)    0.7103
	( 5,17,11)    0.6442
	( 5,17,17)    0.0584
	( 5,17,19)    0.6400
	( 5,18,11)    0.6690
	( 5,18,13)    0.1728
	( 5,18,14)    0.5557
	( 5,18,15)    0.2482
	( 5,19, 1)    0.2398
	( 5,19, 4)    0.1163
	( 5,19,13)    0.2851
	( 5,19,14)    0.4685
	( 5,19,15)    0.7757
	( 5,19,18)    0.1965
	( 5,19,20)    0.6634
	( 5,20, 4)    0.3496
	( 5,20, 6)    0.4355
	( 5,20, 9)    0.6848
	( 5,20,17)    0.0995
	( 5,20,18)    0.3870
	( 6, 1,10)    0.7211
	( 6, 1,14)    0.3243
	( 6, 1,15)    0.8843
	( 6, 1,19)    0.3131
	( 6, 2,13)    0.2507
	( 6, 2,19)    0.4969
	( 6, 3, 4)    0.7678
	( 6, 3,12)    0.8862
	( 6, 4, 4)    0.0193
	( 6, 4, 5)    0.7484
	( 6, 4, 8)    0.5198
	( 6, 4,11)    0.0587
	( 6, 4,15)    0.3109
	( 6, 5,12)    0.3504
	( 6, 5,20)    0.3880
	( 6, 6, 2)    0.7917
	( 6, 6, 4)    0.3547
	( 6, 6, 5)    0.4868
	( 6, 6,13)    0.2275
	( 6, 7, 7)    0.5946
	( 6, 7, 8)    0.9045
	( 6, 7, 9)    0.8956
	( 6, 7,10)    0.6682
	( 6, 7,12)    0.6545
	( 6, 7,13)    0.5982
	( 6, 7,14)    0.0764
	( 6, 7,16)    0.1670
	( 6, 8, 4)    0.8922
	( 6, 8, 5)    0.6710
	( 6, 8, 6)    0.8875
	( 6, 8, 8)    0.4444
	( 6, 8,12)    0.5444
	( 6, 8,17)    0.5177
	( 6, 9, 6)    0.9993
	( 6, 9,13)    0.5218
	( 6, 9,14)    0.1938
	( 6,10, 3)    0.9245
	( 6,10, 7)    0.7264
	( 6,10,16)    0.7407
	( 6,10,17)    0.5136
	( 6,10,20)    0.7115
	( 6,11, 3)    0.0739
	( 6,11, 5)    0.8897
	( 6,11, 8)    0.3115
	( 6,11,11)    0.2704
	( 6,11,20)    0.8037
	( 6,12, 6)    0.8936
	( 6,12, 8)    0.1759
	( 6,12,11)    0.0898
	( 6,13, 1)    0.1752
	( 6,14, 2)    0.8339
	( 6,14,13)    0.1537
	( 6,14,16)    0.3445
	( 6,14,20)    0.7110
	( 6,15, 2)    0.5476
	( 6,15, 4)    0.9086
	( 6,15, 5)    0.5828
	( 6,15, 6)    0.8895
	( 6,15,11)    0.2134
	( 6,15,14)    0.5950
	( 6,15,15)    0.4310
	( 6,15,16)    0.9515
	( 6,15,19)    0.5358
	( 6,16, 3)    0.9456
	( 6,16,11)    0.1978
	( 6,16,13)    0.4631
	( 6,16,19)    0.8572
	( 6,17, 2)    0.5111
	( 6,17, 3)    0.4390
	( 6,17, 4)    0.5995
	( 6,17,14)    0.1997
	( 6,17,20)    0.1221
	( 6,18, 3)    0.9645
	( 6,18, 9)    0.3007
	( 6,18,10)    0.5658
	( 6,18,18)    0.3454
	( 6,18,20)    0.7412
	( 6,19, 3)    0.6975
	( 6,19,10)    0.9007
	( 6,19,17)    0.5847
	( 6,19,19)    0.5220
	( 6,20, 1)    0.8964
	( 6,20, 5)    0.0131
	( 6,20, 8)    0.1183
	( 6,20,11)    0.8871
	( 6,20,12)    0.2400
	( 6,20,20)    0.9147
	( 7, 1,16)    0.7948
	( 7, 1,18)    0.1351
	( 7, 2, 6)    0.9436
	( 7, 2, 8)    0.9717
	( 7, 2,13)    0.6206
	( 7, 3, 6)    0.1603
	( 7, 3, 7)    0.5794
	( 7, 3,16)    0.9583
	( 7, 3,18)    0.3863
	( 7, 4, 9)    0.7233
	( 7, 5, 2)    0.2483
	( 7, 5, 3)    0.3502
	( 7, 5, 4)    0.9005
	( 7, 5,10)    0.3662
	( 7, 6, 1)    0.8177
	( 7, 6, 4)    0.9816
	( 7, 6, 6)    0.2589
	( 7, 6, 7)    0.6694
	( 7, 6,10)    0.0759
	( 7, 6,13)    0.0199
	( 7, 6,14)    0.8169
	( 7, 7, 4)    0.3573
	( 7, 7, 9)    0.4687
	( 7, 7,11)    0.6196
	( 7, 7,17)    0.7114
	( 7, 8, 3)    0.9161
	( 7, 8,13)    0.4374
	( 7, 8,15)    0.6291
	( 7, 9,10)    0.0662
	( 7, 9,11)    0.8690
	( 7, 9,12)    0.7661
	( 7, 9,13)    0.0381
	( 7, 9,18)    0.7108
	( 7,10,13)    0.7976
	( 7,10,14)    0.8130
	( 7,10,17)    0.3773
	( 7,11, 1)    0.0798
	( 7,11, 2)    0.0702
	( 7,11, 3)    0.6520
	( 7,11, 4)    0.7899
	( 7,11, 5)    0.8993
	( 7,11,12)    0.9637
	( 7,11,17)    0.0809
	( 7,11,18)    0.8842
	( 7,12, 3)    0.8818
	( 7,12,14)    0.3869
	( 7,12,15)    0.2301
	( 7,13, 2)    0.7463
	( 7,13, 3)    0.7672
	( 7,13, 5)    0.2934
	( 7,13, 7)    0.4508
	( 7,13, 8)    0.6276
	( 7,13,10)    0.7698
	( 7,13,11)    0.4175
	( 7,13,13)    0.5027
	( 7,13,20)    0.3596
	( 7,14, 3)    0.5987
	( 7,14, 6)    0.7925
	( 7,14, 9)    0.7192
	( 7,14,17)    0.2068
	( 7,14,19)    0.8324
	( 7,14,20)    0.5524
	( 7,15, 4)    0.2855
	( 7,15, 7)    0.4888
	( 7,15,15)    0.3560
	( 7,16, 6)    0.5863
	( 7,16,10)    0.9756
	( 7,17, 3)    0.1524
	( 7,17,12)    0.6710
	( 7,17,14)    0.5012
	( 7,17,19)    0.7779
	( 7,18, 5)    0.4799
	( 7,18,14)    0.3307
	( 7,18,20)    0.5773
	( 7,19, 5)    0.5480
	( 7,19,11)    0.0967
	( 7,19,13)    0.1271
	( 7,19,15)    0.2412
	( 7,20,11)    0.9890
	( 8, 1, 1)    0.5330
	( 8, 1, 5)    0.7467
	( 8, 1, 7)    0.0816
	( 8, 1,13)    0.9840
	( 8, 2, 4)    0.7602
	( 8, 2,12)    0.7075
	( 8, 3, 6)    0.0400
	( 8, 3, 8)    0.6764
	( 8, 3, 9)    0.8310
	( 8, 3,12)    0.7938
	( 8, 3,19)    0.4741
	( 8, 4, 1)    0.6242
	( 8, 4, 2)    0.0579
	( 8, 4, 3)    0.4595
	( 8, 4, 4)    0.7192
	( 8, 4, 8)    0.9627
	( 8, 4,10)    0.6719
	( 8, 4,11)    0.0540
	( 8, 4,13)    0.7389
	( 8, 4,18)    0.4196
	( 8, 5, 7)    0.7782
	( 8, 5, 8)    0.2114
	( 8, 5,11)    0.3647
	( 8, 5,19)    0.3049
	( 8, 5,20)    0.9197
	( 8, 6, 4)    0.3410
	( 8, 6,19)    0.4974
	( 8, 7, 1)    0.4668
	( 8, 7, 2)    0.7140
	( 8, 7, 6)    0.8454
	( 8, 7, 7)    0.2377
	( 8, 7,14)    0.7540
	( 8, 7,16)    0.1597
	( 8, 7,19)    0.9129
	( 8, 8, 2)    0.6241
	( 8, 8,10)    0.1968
	( 8, 8,11)    0.3646
	( 8, 8,13)    0.3373
	( 8, 8,17)    0.2540
	( 8, 8,20)    0.2574
	( 8, 9, 8)    0.5735
	( 8, 9,11)    0.5896
	( 8, 9,17)    0.8704
	( 8, 9,18)    0.6953
	( 8, 9,19)    0.2469
	( 8,10, 5)    0.0833
	( 8,10, 8)    0.0519
	( 8,10, 9)    0.4674
	( 8,10,10)    0.0460
	( 8,10,11)    0.3440
	( 8,10,15)    0.3681
	( 8,10,16)    0.9989
	( 8,10,18)    0.6637
	( 8,11, 2)    0.1859
	( 8,11, 8)    0.3858
	( 8,11,16)    0.5875
	( 8,11,20)    0.0022
	( 8,12, 4)    0.2220
	( 8,12,15)    0.0539
	( 8,12,16)    0.6687
	( 8,12,19)    0.6099
	( 8,13, 1)    0.5745
	( 8,13,11)    0.9756
	( 8,13,17)    0.0542
	( 8,13,19)    0.1698
	( 8,13,20)    0.5765
	( 8,14, 9)    0.4515
	( 8,14,10)    0.4176
	( 8,14,12)    0.6638
	( 8,14,18)    0.8563
	( 8,14,20)    0.2478
	( 8,15, 2)    0.1071
	( 8,15, 4)    0.5438
	( 8,15, 5)    0.7341
	( 8,15, 9)    0.0659
	( 8,15,10)    0.3013
	( 8,15,17)    0.7209
	( 8,15,19)    0.6511
	( 8,15,20)    0.5481
	( 8,16, 1)    0.2609
	( 8,16, 8)    0.5699
	( 8,16,11)    0.4685
	( 8,17, 2)    0.0340
	( 8,17, 9)    0.7135
	( 8,17,14)    0.2567
	( 8,17,18)    0.2958
	( 8,17,19)    0.0107
	( 8,18, 9)    0.6969
	( 8,18,13)    0.8635
	( 8,19, 6)    0.6665
	( 8,19,11)    0.6661
	( 8,20, 3)    0.3891
	( 8,20, 7)    0.2872
	( 9, 1, 4)    0.8935
	( 9, 1, 7)    0.5744
	( 9, 1,10)    0.9979
	( 9, 1,11)    0.0439
	( 9, 1,14)    0.7922
	( 9, 1,15)    0.9586
	( 9, 1,19)    0.8917
	( 9, 2, 7)    0.4750
	( 9, 2, 9)    0.2422
	( 9, 2,10)    0.3265
	( 9, 2,11)    0.7540
	( 9, 2,20)    0.8661
	( 9, 3,11)    0.3039
	( 9, 3,18)    0.9295
	( 9, 4, 1)    0.5146
	( 9, 4,11)    0.2618
	( 9, 4,12)    0.6207
	( 9, 4,19)    0.1341
	( 9, 5, 4)    0.1716
	( 9, 5, 9)    0.2833
	( 9, 5,10)    0.3294
	( 9, 5,11)    0.6594
	( 9, 5,13)    0.7928
	( 9, 5,14)    0.6628
	( 9, 5,15)    0.0081
	( 9, 6, 7)    0.6750
	( 9, 6, 8)    0.8070
	( 9, 6,19)    0.7886
	( 9, 7, 1)    0.4514
	( 9, 7, 3)    0.9909
	( 9, 7,12)    0.0398
	( 9, 7,13)    0.8796
	( 9, 7,19)    0.7368
	( 9, 8,14)    0.3020
	( 9, 8,18)    0.2313
	( 9, 9, 1)    0.7308
	( 9, 9, 7)    0.0916
	( 9, 9, 8)    0.4315
	( 9, 9,10)    0.2401
	( 9, 9,17)    0.9011
	( 9, 9,18)    0.9276
	( 9,10, 2)    0.4092
	( 9,10, 7)    0.8037
	( 9,10,12)    0.7640
	( 9,10,14)    0.7590
	( 9,11, 7)    0.9370
	( 9,11,19)    0.2155
	( 9,11,20)    0.9822
	( 9,12, 4)    0.5189
	( 9,12, 7)    0.0500
	( 9,12, 8)    0.2540
	( 9,12,10)    0.8022
	( 9,12,12)    0.4614
	( 9,12,13)    0.3034
	( 9,12,16)    0.1490
	( 9,13, 4)    0.1943
	( 9,13, 6)    0.0700
	( 9,13, 7)    0.9290
	( 9,13, 8)    0.5441
	( 9,13, 9)    0.2808
	( 9,13,11)    0.3652
	( 9,13,13)    0.2439
	( 9,13,19)    0.2444
	( 9,14, 2)    0.3070
	( 9,14, 7)    0.9992
	( 9,14,11)    0.0007
	( 9,14,13)    0.7071
	( 9,14,15)    0.2478
	( 9,14,16)    0.6756
	( 9,15, 2)    0.5435
	( 9,15, 7)    0.9331
	( 9,15, 9)    0.7632
	( 9,15,10)    0.6900
	( 9,15,14)    0.2573
	( 9,15,19)    0.3817
	( 9,16, 1)    0.9548
	( 9,16, 2)    0.4360
	( 9,16, 3)    0.7528
	( 9,16,11)    0.5713
	( 9,16,13)    0.5984
	( 9,16,16)    0.2806
	( 9,16,17)    0.9960
	( 9,16,18)    0.6017
	( 9,17, 8)    0.2869
	( 9,17,13)    0.1131
	( 9,18, 2)    0.3099
	( 9,18, 4)    0.4312
	( 9,18, 5)    0.5143
	( 9,18,13)    0.5411
	( 9,18,18)    0.8536
	( 9,18,20)    0.7328
	( 9,19, 2)    0.1229
	( 9,19, 3)    0.4516
	( 9,19, 5)    0.4922
	( 9,19,13)    0.5772
	( 9,19,15)    0.2398
	( 9,19,17)    0.3480
	( 9,19,20)    0.9105
	( 9,20, 1)    0.7143
	( 9,20, 6)    0.9825
	( 9,20, 9)    0.7804
	( 9,20,10)    0.8949
	( 9,20,17)    0.8895
	( 9,20,18)    0.5055
	(10, 1, 6)    0.4440
	(10, 1, 8)    0.8792
	(10, 1,19)    0.8519
	(10, 2, 3)    0.7899
	(10, 2, 6)    0.6504
	(10, 3, 1)    0.7051
	(10, 3, 2)    0.4602
	(10, 3, 4)    0.5596
	(10, 3, 7)    0.5354
	(10, 3,10)    0.0142
	(10, 3,13)    0.4799
	(10, 3,16)    0.0957
	(10, 3,18)    0.6590
	(10, 3,20)    0.0539
	(10, 4, 2)    0.9268
	(10, 4, 9)    0.2759
	(10, 4,15)    0.0222
	(10, 4,18)    0.9796
	(10, 5, 2)    0.0575
	(10, 5,16)    0.3795
	(10, 6, 1)    0.0852
	(10, 6, 2)    0.9527
	(10, 6, 7)    0.2643
	(10, 6,12)    0.6535
	(10, 6,13)    0.8688
	(10, 6,18)    0.2877
	(10, 7, 5)    0.1347
	(10, 7,12)    0.2611
	(10, 7,18)    0.8861
	(10, 7,19)    0.3417
	(10, 7,20)    0.3275
	(10, 8, 2)    0.1191
	(10, 8, 5)    0.4109
	(10, 8, 8)    0.4863
	(10, 8,11)    0.6400
	(10, 8,20)    0.2610
	(10, 9,18)    0.6219
	(10,10, 7)    0.1091
	(10,10, 8)    0.5442
	(10,10,15)    0.8383
	(10,10,18)    0.5557
	(10,11, 1)    0.8576
	(10,11, 9)    0.8340
	(10,11,10)    0.1561
	(10,11,16)    0.4333
	(10,12,10)    0.8125
	(10,12,13)    0.2121
	(10,12,15)    0.9575
	(10,12,18)    0.3485
	(10,13,16)    0.4426
	(10,14, 2)    0.1803
	(10,14, 5)    0.9460
	(10,14, 9)    0.3575
	(10,14,16)    0.6401
	(10,15, 3)    0.6950
	(10,15, 5)    0.9583
	(10,15, 7)    0.7118
	(10,15, 8)    0.9096
	(10,15,15)    0.2638
	(10,16, 4)    0.4251
	(10,16, 8)    0.8276
	(10,16,10)    0.9643
	(10,16,11)    0.9198
	(10,16,12)    0.8981
	(10,16,14)    0.5256
	(10,16,20)    0.9612
	(10,17,12)    0.6090
	(10,17,13)    0.5267
	(10,18, 7)    0.1423
	(10,18,16)    0.0920
	(10,18,18)    0.2409
	(10,19, 3)    0.1164
	(10,19,13)    0.2539
	(10,19,17)    0.6427
	(10,19,18)    0.8266
	(10,20, 1)    0.3854
	(10,20, 3)    0.0886
	(10,20, 4)    0.6048
	(11, 1, 4)    0.5704
	(11, 1,10)    0.9471
	(11, 1,12)    0.7354
	(11, 1,14)    0.7656
	(11, 1,16)    0.6608
	(11, 2, 5)    0.7861
	(11, 2, 7)    0.1301
	(11, 2,14)    0.0178
	(11, 2,15)    0.7959
	(11, 2,18)    0.7298
	(11, 3, 3)    0.8693
	(11, 3, 4)    0.8471
	(11, 3, 5)    0.2572
	(11, 3, 6)    0.7849
	(11, 3, 8)    0.3564
	(11, 3,18)    0.4702
	(11, 4, 1)    0.1991
	(11, 4, 5)    0.3742
	(11, 4, 6)    0.3044
	(11, 4, 9)    0.2676
	(11, 4,11)    0.6992
	(11, 4,13)    0.4349
	(11, 4,17)    0.1302
	(11, 4,18)    0.6509
	(11, 4,20)    0.1026
	(11, 5, 1)    0.1205
	(11, 5, 7)    0.6286
	(11, 5,14)    0.2487
	(11, 5,20)    0.0837
	(11, 6, 6)    0.0052
	(11, 6,11)    0.6825
	(11, 7, 3)    0.9673
	(11, 7, 9)    0.0591
	(11, 7,11)    0.5250
	(11, 7,17)    0.8895
	(11, 8, 2)    0.2483
	(11, 8, 6)    0.4980
	(11, 8, 9)    0.4169
	(11, 8,18)    0.6634
	(11, 9, 2)    0.1870
	(11, 9, 8)    0.5226
	(11, 9,12)    0.7117
	(11, 9,13)    0.8656
	(11, 9,14)    0.3128
	(11, 9,20)    0.4238
	(11,10, 6)    0.9949
	(11,10,11)    0.1702
	(11,10,20)    0.4012
	(11,11, 3)    0.5261
	(11,11, 4)    0.2184
	(11,11, 6)    0.7361
	(11,11, 7)    0.6649
	(11,11,13)    0.6667
	(11,11,16)    0.1913
	(11,11,20)    0.6728
	(11,12, 5)    0.2432
	(11,12,11)    0.5908
	(11,12,15)    0.5059
	(11,13,18)    0.5627
	(11,14, 2)    0.3270
	(11,14, 7)    0.9902
	(11,14,10)    0.9881
	(11,14,12)    0.2156
	(11,14,16)    0.6499
	(11,15, 5)    0.3406
	(11,15,10)    0.8997
	(11,15,12)    0.8782
	(11,16, 7)    0.9372
	(11,16,10)    0.9979
	(11,16,12)    0.4801
	(11,16,17)    0.3514
	(11,16,19)    0.2886
	(11,16,20)    0.9205
	(11,17, 5)    0.7934
	(11,17,11)    0.4035
	(11,18, 2)    0.9642
	(11,18,13)    0.9208
	(11,19, 4)    0.7474
	(11,19, 7)    0.8234
	(11,19, 8)    0.6870
	(11,20, 2)    0.2934
	(11,20, 4)    0.5317
	(11,20,18)    0.4468
	(12, 1, 1)    0.8518
	(12, 1,15)    0.8251
	(12, 1,18)    0.2488
	(12, 2, 6)    0.0120
	(12, 2, 8)    0.9191
	(12, 2,16)    0.6619
	(12, 2,17)    0.2610
	(12, 3, 2)    0.1145
	(12, 3, 4)    0.8615
	(12, 3, 7)    0.7618
	(12, 3,12)    0.9744
	(12, 3,17)    0.8603
	(12, 3,18)    0.9868
	(12, 5, 7)    0.3727
	(12, 5, 9)    0.3475
	(12, 5,11)    0.1917
	(12, 5,12)    0.1952
	(12, 5,16)    0.7516
	(12, 5,18)    0.1297
	(12, 5,19)    0.1303
	(12, 5,20)    0.7272
	(12, 6,11)    0.9519
	(12, 6,15)    0.7671
	(12, 7, 2)    0.4021
	(12, 7,12)    0.2993
	(12, 7,15)    0.9951
	(12, 7,17)    0.8680
	(12, 8,11)    0.6990
	(12, 8,14)    0.4996
	(12, 8,17)    0.3808
	(12, 9, 2)    0.7431
	(12, 9, 3)    0.3478
	(12, 9, 4)    0.0718
	(12, 9, 5)    0.7471
	(12, 9, 6)    0.4123
	(12, 9,10)    0.6950
	(12, 9,14)    0.7863
	(12, 9,15)    0.6684
	(12, 9,20)    0.4054
	(12,10, 1)    0.8437
	(12,10, 4)    0.7194
	(12,10, 7)    0.9832
	(12,10,12)    0.2126
	(12,10,19)    0.0444
	(12,11,15)    0.3478
	(12,12, 1)    0.6563
	(12,12, 6)    0.5041
	(12,12,17)    0.9446
	(12,12,19)    0.8957
	(12,12,20)    0.0066
	(12,13, 9)    0.3232
	(12,13,15)    0.4580
	(12,13,18)    0.1874
	(12,14, 4)    0.9491
	(12,14, 8)    0.1987
	(12,14,15)    0.0684
	(12,15,10)    0.6798
	(12,15,18)    0.8381
	(12,15,20)    0.6753
	(12,16, 4)    0.2899
	(12,16, 7)    0.5930
	(12,16,20)    0.4009
	(12,17,16)    0.4690
	(12,17,19)    0.7438
	(12,17,20)    0.5112
	(12,18, 1)    0.9359
	(12,18,11)    0.6958
	(12,18,18)    0.9442
	(12,19, 3)    0.1808
	(12,19, 4)    0.5357
	(12,19,15)    0.5502
	(12,20, 9)    0.9812
	(12,20,12)    0.7687
	(12,20,17)    0.1849
	(13, 1, 1)    0.8798
	(13, 1, 4)    0.2959
	(13, 1,19)    0.0727
	(13, 2, 5)    0.7092
	(13, 2, 9)    0.4462
	(13, 2,10)    0.0332
	(13, 2,13)    0.4002
	(13, 2,17)    0.7934
	(13, 3, 1)    0.4658
	(13, 3,10)    0.8850
	(13, 3,11)    0.7171
	(13, 4, 1)    0.1873
	(13, 4, 2)    0.5122
	(13, 4, 7)    0.9355
	(13, 4, 9)    0.4237
	(13, 4,18)    0.3180
	(13, 5, 8)    0.4600
	(13, 5,10)    0.5993
	(13, 5,13)    0.0114
	(13, 5,16)    0.4876
	(13, 5,19)    0.5348
	(13, 6, 3)    0.0284
	(13, 6, 4)    0.8592
	(13, 6,15)    0.3572
	(13, 6,19)    0.6721
	(13, 7, 5)    0.8112
	(13, 7, 8)    0.9938
	(13, 7,13)    0.4580
	(13, 7,15)    0.3791
	(13, 7,17)    0.6824
	(13, 7,19)    0.4703
	(13, 8, 3)    0.6046
	(13, 8, 6)    0.3704
	(13, 8, 7)    0.5283
	(13, 8,12)    0.1818
	(13, 8,13)    0.8620
	(13, 9, 9)    0.9452
	(13, 9,13)    0.3548
	(13,10, 2)    0.7855
	(13,10,12)    0.3719
	(13,10,19)    0.2918
	(13,11, 5)    0.8248
	(13,11, 9)    0.0980
	(13,11,13)    0.6548
	(13,11,18)    0.7867
	(13,11,19)    0.8274
	(13,11,20)    0.2237
	(13,12, 3)    0.6534
	(13,12, 6)    0.9020
	(13,12,14)    0.6248
	(13,12,19)    0.7550
	(13,13, 1)    0.2011
	(13,13, 8)    0.4847
	(13,13,13)    0.8175
	(13,13,20)    0.9924
	(13,14, 5)    0.5954
	(13,14, 7)    0.7061
	(13,14, 8)    0.8616
	(13,14,10)    0.1445
	(13,14,15)    0.5353
	(13,14,16)    0.7054
	(13,15, 5)    0.0456
	(13,15, 6)    0.4065
	(13,15, 7)    0.8016
	(13,15,11)    0.9523
	(13,15,16)    0.5277
	(13,15,18)    0.8807
	(13,16, 2)    0.3802
	(13,17, 4)    0.0441
	(13,17,11)    0.0294
	(13,17,12)    0.4109
	(13,17,15)    0.0006
	(13,18, 8)    0.0079
	(13,18,10)    0.5831
	(13,18,11)    0.8740
	(13,18,14)    0.7444
	(13,18,15)    0.4145
	(13,18,20)    0.3494
	(13,19, 2)    0.6671
	(13,19, 8)    0.2525
	(13,19,12)    0.0532
	(13,19,14)    0.4610
	(13,19,15)    0.0952
	(13,19,17)    0.9433
	(13,20, 1)    0.7086
	(13,20, 5)    0.0953
	(13,20, 9)    0.7263
	(13,20,18)    0.1350
	(14, 1, 3)    0.3335
	(14, 1, 5)    0.6311
	(14, 1, 7)    0.7516
	(14, 1,11)    0.4960
	(14, 1,19)    0.0577
	(14, 2, 3)    0.5421
	(14, 2, 5)    0.3847
	(14, 2,13)    0.2553
	(14, 2,17)    0.6968
	(14, 3, 6)    0.5369
	(14, 3, 8)    0.5197
	(14, 3, 9)    0.9790
	(14, 3,11)    0.3006
	(14, 3,12)    0.6221
	(14, 3,14)    0.4164
	(14, 3,18)    0.7055
	(14, 4,10)    0.8290
	(14, 4,13)    0.1206
	(14, 4,17)    0.3000
	(14, 4,19)    0.5797
	(14, 5, 5)    0.5487
	(14, 5,18)    0.8891
	(14, 5,20)    0.3024
	(14, 6, 4)    0.2042
	(14, 6, 5)    0.6864
	(14, 6, 9)    0.2506
	(14, 6,11)    0.2523
	(14, 6,13)    0.3920
	(14, 6,15)    0.4954
	(14, 6,19)    0.3603
	(14, 7, 1)    0.7927
	(14, 7, 5)    0.6273
	(14, 7, 6)    0.0121
	(14, 7,12)    0.6404
	(14, 7,15)    0.9740
	(14, 8, 1)    0.1213
	(14, 8, 4)    0.5237
	(14, 8, 5)    0.4328
	(14, 8, 7)    0.6292
	(14, 8,13)    0.6396
	(14, 9, 1)    0.5517
	(14, 9, 9)    0.3533
	(14,10, 2)    0.7929
	(14,10,20)    0.2087
	(14,11,14)    0.9370
	(14,12, 2)    0.3883
	(14,12, 3)    0.8583
	(14,12,17)    0.3397
	(14,13, 2)    0.1885
	(14,13, 5)    0.2255
	(14,13,11)    0.0232
	(14,13,20)    0.7544
	(14,14, 7)    0.3470
	(14,14, 9)    0.9533
	(14,14,11)    0.4156
	(14,14,12)    0.6205
	(14,14,19)    0.7715
	(14,15, 3)    0.2069
	(14,15, 4)    0.2687
	(14,15, 8)    0.9490
	(14,15,11)    0.2431
	(14,15,13)    0.2234
	(14,15,15)    0.5993
	(14,15,16)    0.6806
	(14,15,19)    0.7980
	(14,16, 1)    0.0223
	(14,16, 4)    0.1734
	(14,16,15)    0.8037
	(14,17, 5)    0.5670
	(14,17,10)    0.1595
	(14,17,13)    0.9445
	(14,17,14)    0.3815
	(14,17,18)    0.6102
	(14,17,19)    0.8960
	(14,18,10)    0.2319
	(14,18,11)    0.4520
	(14,18,12)    0.7706
	(14,18,15)    0.0230
	(14,18,16)    0.8437
	(14,18,17)    0.6500
	(14,19, 6)    0.6898
	(14,19, 8)    0.1242
	(14,19,12)    0.8231
	(14,19,14)    0.0477
	(14,19,15)    0.4249
	(14,19,16)    0.7290
	(14,19,17)    0.8247
	(14,19,19)    0.1814
	(14,20, 1)    0.0691
	(14,20, 3)    0.8991
	(14,20, 6)    0.0978
	(14,20,11)    0.7654
	(14,20,15)    0.1834
	(14,20,19)    0.9550
	(14,20,20)    0.3473
	(15, 1, 8)    0.9942
	(15, 1,13)    0.3746
	(15, 1,14)    0.5352
	(15, 1,15)    0.8019
	(15, 1,17)    0.3738
	(15, 1,18)    0.2966
	(15, 2,17)    0.3352
	(15, 2,18)    0.0750
	(15, 3, 3)    0.5294
	(15, 3,10)    0.3567
	(15, 3,12)    0.5130
	(15, 3,15)    0.2015
	(15, 3,18)    0.9270
	(15, 3,19)    0.5997
	(15, 3,20)    0.4783
	(15, 4, 2)    0.0341
	(15, 4, 8)    0.0589
	(15, 5, 3)    0.7942
	(15, 5, 6)    0.8742
	(15, 5,13)    0.5816
	(15, 6, 3)    0.8212
	(15, 6, 4)    0.7087
	(15, 6, 5)    0.8993
	(15, 6,16)    0.3317
	(15, 6,17)    0.6801
	(15, 7, 2)    0.1882
	(15, 7, 6)    0.2270
	(15, 7, 7)    0.6607
	(15, 7,10)    0.9582
	(15, 7,11)    0.4713
	(15, 7,15)    0.1542
	(15, 7,18)    0.3640
	(15, 8, 9)    0.2960
	(15, 8,12)    0.9997
	(15, 8,14)    0.3005
	(15, 9, 8)    0.7176
	(15, 9, 9)    0.9029
	(15, 9,13)    0.1522
	(15, 9,16)    0.4436
	(15, 9,19)    0.3633
	(15,10, 1)    0.1187
	(15,10, 5)    0.9116
	(15,10, 6)    0.5599
	(15,10, 8)    0.1734
	(15,10,12)    0.1541
	(15,10,14)    0.3379
	(15,10,16)    0.0830
	(15,11, 1)    0.5380
	(15,11, 6)    0.5581
	(15,11, 7)    0.8907
	(15,11,12)    0.1794
	(15,12, 3)    0.7723
	(15,12, 4)    0.8869
	(15,12, 5)    0.3229
	(15,12, 6)    0.9614
	(15,12, 8)    0.4078
	(15,12, 9)    0.8499
	(15,12,11)    0.8574
	(15,12,13)    0.0599
	(15,12,19)    0.2768
	(15,13, 4)    0.1503
	(15,13, 7)    0.3408
	(15,13, 8)    0.0785
	(15,13,14)    0.9406
	(15,13,16)    0.6813
	(15,13,19)    0.7606
	(15,14, 1)    0.7638
	(15,14, 3)    0.3979
	(15,14,13)    0.2190
	(15,15,12)    0.5838
	(15,15,17)    0.4059
	(15,16, 2)    0.0734
	(15,16, 9)    0.6588
	(15,16,16)    0.4108
	(15,16,20)    0.2158
	(15,17, 7)    0.1490
	(15,17,10)    0.5658
	(15,17,12)    0.9555
	(15,18, 5)    0.5012
	(15,18,12)    0.3649
	(15,18,16)    0.6468
	(15,19, 4)    0.5932
	(15,19, 7)    0.1117
	(15,19, 8)    0.8591
	(15,19,16)    0.1184
	(15,20, 7)    0.0658
	(15,20, 8)    0.5162
	(15,20,14)    0.8014
	(16, 1, 2)    0.9875
	(16, 1, 6)    0.3526
	(16, 1,13)    0.2576
	(16, 2, 3)    0.1704
	(16, 2, 4)    0.6620
	(16, 2, 7)    0.9744
	(16, 2,19)    0.0220
	(16, 3,16)    0.7569
	(16, 3,20)    0.0230
	(16, 4, 1)    0.6153
	(16, 4, 3)    0.1640
	(16, 4, 4)    0.0719
	(16, 5, 2)    0.0569
	(16, 5,15)    0.1672
	(16, 6, 2)    0.7860
	(16, 6, 3)    0.6644
	(16, 6, 4)    0.6429
	(16, 6,10)    0.5898
	(16, 6,20)    0.3121
	(16, 7, 1)    0.9047
	(16, 7, 5)    0.3369
	(16, 7, 8)    0.0128
	(16, 7,10)    0.3492
	(16, 7,12)    0.6938
	(16, 7,14)    0.0745
	(16, 7,16)    0.4065
	(16, 8, 2)    0.5799
	(16, 8, 3)    0.2618
	(16, 8, 4)    0.1834
	(16, 8,12)    0.5134
	(16, 8,16)    0.6277
	(16, 8,17)    0.4166
	(16, 8,20)    0.7899
	(16, 9, 1)    0.9149
	(16, 9,11)    0.4392
	(16, 9,12)    0.6830
	(16, 9,17)    0.8540
	(16,10, 2)    0.7644
	(16,10, 4)    0.8087
	(16,10,18)    0.3953
	(16,10,19)    0.5076
	(16,11, 1)    0.8589
	(16,11, 3)    0.7990
	(16,11, 7)    0.2049
	(16,11,10)    0.5014
	(16,11,13)    0.8346
	(16,12, 3)    0.3080
	(16,12, 6)    0.0306
	(16,12,13)    0.9567
	(16,12,17)    0.2622
	(16,13, 4)    0.3385
	(16,13, 9)    0.7047
	(16,13,10)    0.5022
	(16,13,13)    0.6565
	(16,13,16)    0.0154
	(16,13,18)    0.6884
	(16,13,19)    0.4144
	(16,13,20)    0.7108
	(16,14, 9)    0.3881
	(16,14,15)    0.0545
	(16,14,18)    0.4872
	(16,14,20)    0.0881
	(16,15, 9)    0.9624
	(16,15,13)    0.2978
	(16,15,17)    0.0666
	(16,16, 1)    0.5862
	(16,16, 4)    0.4526
	(16,16, 6)    0.4859
	(16,16, 8)    0.9338
	(16,16,12)    0.1999
	(16,16,17)    0.9790
	(16,16,19)    0.2989
	(16,17, 4)    0.0463
	(16,17,11)    0.9114
	(16,17,14)    0.0329
	(16,17,16)    0.7711
	(16,17,20)    0.8522
	(16,18, 4)    0.1418
	(16,18,13)    0.8113
	(16,18,14)    0.1781
	(16,19, 3)    0.9440
	(16,19, 8)    0.4519
	(16,19,10)    0.4485
	(16,19,17)    0.4964
	(16,20, 7)    0.9365
	(16,20,10)    0.9981
	(16,20,17)    0.7643
	(16,20,18)    0.1518
	(17, 1, 5)    0.4883
	(17, 1, 7)    0.0791
	(17, 1,10)    0.5655
	(17, 1,15)    0.7044
	(17, 1,17)    0.4863
	(17, 2, 3)    0.2639
	(17, 2, 5)    0.1102
	(17, 2, 9)    0.1029
	(17, 2,20)    0.1161
	(17, 3, 1)    0.2115
	(17, 3, 3)    0.8930
	(17, 3, 6)    0.5189
	(17, 3,17)    0.5208
	(17, 3,19)    0.9903
	(17, 3,20)    0.6504
	(17, 4, 7)    0.7924
	(17, 4, 8)    0.8220
	(17, 4,14)    0.4023
	(17, 4,16)    0.5879
	(17, 4,17)    0.8428
	(17, 5, 2)    0.3538
	(17, 5, 5)    0.9003
	(17, 5,10)    0.9067
	(17, 5,15)    0.4096
	(17, 6, 1)    0.9073
	(17, 6, 5)    0.6185
	(17, 6, 6)    0.4594
	(17, 6, 7)    0.8284
	(17, 6,13)    0.6761
	(17, 6,14)    0.6452
	(17, 6,15)    0.8434
	(17, 7, 6)    0.9642
	(17, 7,17)    0.0860
	(17, 8,18)    0.6312
	(17, 8,19)    0.8490
	(17, 8,20)    0.3222
	(17, 9, 2)    0.2873
	(17, 9, 5)    0.4393
	(17, 9, 8)    0.2335
	(17, 9,11)    0.2413
	(17, 9,16)    0.4723
	(17, 9,17)    0.7937
	(17, 9,19)    0.4550
	(17,10, 3)    0.0961
	(17,10, 6)    0.3100
	(17,10, 9)    0.4345
	(17,10,13)    0.9497
	(17,11, 3)    0.0141
	(17,11, 7)    0.1062
	(17,11, 9)    0.4156
	(17,11,11)    0.3151
	(17,11,19)    0.8697
	(17,12, 1)    0.5080
	(17,12, 3)    0.5911
	(17,12,14)    0.0092
	(17,13, 7)    0.9483
	(17,13,20)    0.1841
	(17,14, 2)    0.7597
	(17,14, 4)    0.4245
	(17,14, 8)    0.5526
	(17,14,11)    0.6930
	(17,14,18)    0.5869
	(17,14,19)    0.4691
	(17,14,20)    0.4595
	(17,15, 2)    0.4496
	(17,15, 4)    0.9166
	(17,15, 8)    0.8524
	(17,15,11)    0.6084
	(17,15,16)    0.5742
	(17,16,12)    0.8227
	(17,17, 7)    0.7100
	(17,17,14)    0.6574
	(17,17,15)    0.5068
	(17,17,16)    0.5946
	(17,17,18)    0.8660
	(17,18, 3)    0.6077
	(17,18, 5)    0.4776
	(17,18, 8)    0.3996
	(17,18,10)    0.4576
	(17,18,16)    0.4948
	(17,18,18)    0.0496
	(17,19, 2)    0.2883
	(17,19, 3)    0.9740
	(17,19, 4)    0.2382
	(17,19,16)    0.6325
	(17,19,17)    0.4523
	(17,20, 1)    0.6728
	(17,20, 5)    0.3016
	(17,20, 6)    0.3504
	(17,20, 7)    0.6835
	(18, 1, 3)    0.4994
	(18, 1,13)    0.7614
	(18, 1,20)    0.3435
	(18, 2, 1)    0.5560
	(18, 2, 4)    0.6199
	(18, 2, 9)    0.3107
	(18, 2,10)    0.2587
	(18, 2,15)    0.7130
	(18, 3, 1)    0.1068
	(18, 3, 7)    0.2947
	(18, 3,11)    0.9184
	(18, 4, 1)    0.5068
	(18, 4, 2)    0.2205
	(18, 4, 4)    0.8533
	(18, 4, 5)    0.9475
	(18, 4, 8)    0.9433
	(18, 4,13)    0.6908
	(18, 4,17)    0.1413
	(18, 5,10)    0.6398
	(18, 5,14)    0.0359
	(18, 5,15)    0.1582
	(18, 5,19)    0.8141
	(18, 6, 3)    0.1319
	(18, 6, 5)    0.9766
	(18, 6, 6)    0.6460
	(18, 6,11)    0.4377
	(18, 6,17)    0.6152
	(18, 6,18)    0.3680
	(18, 7, 1)    0.2898
	(18, 7, 3)    0.0696
	(18, 7, 6)    0.5774
	(18, 7,11)    0.2909
	(18, 7,13)    0.5334
	(18, 8, 6)    0.1640
	(18, 8, 9)    0.7064
	(18, 9, 9)    0.0916
	(18, 9,10)    0.9741
	(18, 9,20)    0.1387
	(18,10, 2)    0.0782
	(18,10, 6)    0.2862
	(18,10,16)    0.6683
	(18,11, 7)    0.6255
	(18,11,11)    0.6764
	(18,11,12)    0.0818
	(18,11,20)    0.6317
	(18,12, 7)    0.9501
	(18,12,11)    0.6272
	(18,12,15)    0.9938
	(18,12,16)    0.6160
	(18,12,17)    0.4841
	(18,12,19)    0.2822
	(18,13, 2)    0.7820
	(18,13, 3)    0.6821
	(18,13, 9)    0.6511
	(18,13,12)    0.1677
	(18,13,19)    0.2989
	(18,14, 1)    0.1538
	(18,14, 7)    0.9159
	(18,14, 8)    0.5840
	(18,14,17)    0.3584
	(18,14,19)    0.6775
	(18,15,11)    0.9778
	(18,16, 7)    0.6915
	(18,16, 8)    0.9986
	(18,16, 9)    0.0081
	(18,16,12)    0.9056
	(18,16,17)    0.4775
	(18,16,20)    0.6993
	(18,17, 4)    0.9359
	(18,17,14)    0.3999
	(18,17,16)    0.0973
	(18,18, 4)    0.8479
	(18,18,17)    0.6426
	(18,18,20)    0.6594
	(18,19, 1)    0.4454
	(18,19, 4)    0.5484
	(18,19,11)    0.3602
	(18,19,12)    0.1866
	(18,19,14)    0.3552
	(18,20, 3)    0.5951
	(18,20, 8)    0.4396
	(18,20,13)    0.6875
	(18,20,16)    0.2801
	(19, 1, 8)    0.4574
	(19, 1, 9)    0.1362
	(19, 1,12)    0.1092
	(19, 1,13)    0.6608
	(19, 1,19)    0.2084
	(19, 2, 3)    0.0602
	(19, 2, 6)    0.9206
	(19, 2, 8)    0.3276
	(19, 2,11)    0.1535
	(19, 2,13)    0.4396
	(19, 2,15)    0.9573
	(19, 3, 1)    0.7956
	(19, 3, 2)    0.1684
	(19, 3, 4)    0.5613
	(19, 3, 6)    0.8752
	(19, 3,11)    0.5814
	(19, 3,13)    0.3560
	(19, 3,14)    0.8671
	(19, 3,16)    0.2683
	(19, 3,17)    0.8451
	(19, 4, 2)    0.6990
	(19, 4, 3)    0.4561
	(19, 5, 4)    0.0287
	(19, 5, 7)    0.8968
	(19, 5,12)    0.8713
	(19, 5,17)    0.7933
	(19, 6, 5)    0.3215
	(19, 6,11)    0.9526
	(19, 6,16)    0.6247
	(19, 6,18)    0.6385
	(19, 6,19)    0.0215
	(19, 7, 3)    0.4439
	(19, 7,10)    0.4523
	(19, 7,11)    0.3613
	(19, 7,12)    0.4761
	(19, 7,15)    0.3713
	(19, 7,16)    0.4033
	(19, 8, 3)    0.4582
	(19, 8,11)    0.3798
	(19, 8,16)    0.1417
	(19, 8,20)    0.1600
	(19, 9, 1)    0.4339
	(19, 9, 4)    0.9760
	(19, 9, 5)    0.3224
	(19, 9,18)    0.3176
	(19, 9,19)    0.0997
	(19,10, 1)    0.0228
	(19,10, 5)    0.2762
	(19,10,11)    0.6892
	(19,10,14)    0.9877
	(19,10,19)    0.5805
	(19,11, 7)    0.9363
	(19,11,18)    0.5043
	(19,12, 3)    0.2080
	(19,12, 5)    0.4228
	(19,12, 6)    0.5133
	(19,12, 8)    0.3725
	(19,12,13)    0.1819
	(19,13, 3)    0.7883
	(19,13,11)    0.9953
	(19,13,13)    0.3995
	(19,13,19)    0.0064
	(19,14, 1)    0.8523
	(19,14, 3)    0.5818
	(19,14, 4)    0.0403
	(19,14, 5)    0.2086
	(19,14, 6)    0.4417
	(19,14,13)    0.5465
	(19,14,15)    0.3294
	(19,14,16)    0.7548
	(19,15, 8)    0.2188
	(19,15,16)    0.8564
	(19,16, 2)    0.9596
	(19,16, 3)    0.6627
	(19,16, 7)    0.4907
	(19,16,17)    0.9085
	(19,17, 7)    0.9301
	(19,17,14)    0.6280
	(19,18,18)    0.0635
	(19,18,19)    0.3387
	(19,19, 3)    0.6983
	(19,19, 6)    0.5808
	(19,19, 7)    0.1569
	(19,19, 8)    0.9161
	(19,19,12)    0.3068
	(19,19,15)    0.7351
	(19,19,19)    0.4489
	(19,20, 3)    0.6867
	(19,20, 4)    0.6937
	(19,20, 8)    0.8620
	(19,20, 9)    0.0822
	(19,20,10)    0.9256
	(19,20,11)    0.9805
	(19,20,17)    0.2984
	(20, 1, 4)    0.0193
	(20, 1, 6)    0.8881
	(20, 2, 8)    0.6198
	(20, 2,17)    0.1273
	(20, 3, 1)    0.0728
	(20, 3, 3)    0.9530
	(20, 3, 5)    0.6547
	(20, 3, 6)    0.9119
	(20, 3, 9)    0.9523
	(20, 4, 7)    0.3144
	(20, 4,12)    0.6469
	(20, 4,13)    0.4237
	(20, 4,20)    0.6693
	(20, 5, 2)    0.3510
	(20, 5, 5)    0.2266
	(20, 5, 6)    0.3607
	(20, 5, 8)    0.0186
	(20, 5,15)    0.5687
	(20, 5,16)    0.2857
	(20, 5,19)    0.1239
	(20, 5,20)    0.0031
	(20, 6, 3)    0.0204
	(20, 6,17)    0.4050
	(20, 6,18)    0.4645
	(20, 7, 1)    0.1916
	(20, 7, 3)    0.7274
	(20, 7, 4)    0.1799
	(20, 7,14)    0.7557
	(20, 7,19)    0.6473
	(20, 7,20)    0.3577
	(20, 8, 1)    0.0124
	(20, 8, 2)    0.1742
	(20, 8, 7)    0.8158
	(20, 8,10)    0.8076
	(20, 9, 2)    0.0487
	(20, 9, 4)    0.1493
	(20, 9, 6)    0.1183
	(20, 9, 9)    0.9306
	(20, 9,15)    0.5762
	(20, 9,18)    0.6552
	(20,10, 1)    0.3182
	(20,10,11)    0.8406
	(20,10,12)    0.3591
	(20,11, 4)    0.2990
	(20,11, 6)    0.3948
	(20,11, 7)    0.7897
	(20,11, 8)    0.4847
	(20,12, 1)    0.3777
	(20,12, 2)    0.4962
	(20,12, 4)    0.9599
	(20,12, 5)    0.2153
	(20,12, 7)    0.0959
	(20,12,20)    0.1628
	(20,14, 1)    0.3398
	(20,14, 7)    0.5660
	(20,14,10)    0.6423
	(20,14,15)    0.1381
	(20,14,20)    0.7351
	(20,15, 5)    0.6877
	(20,15,11)    0.0319
	(20,15,16)    0.6191
	(20,16, 2)    0.2087
	(20,16, 3)    0.2285
	(20,16, 7)    0.8754
	(20,16,12)    0.2766
	(20,16,19)    0.1168
	(20,17, 3)    0.4017
	(20,17, 8)    0.7778
	(20,17,11)    0.9326
	(20,17,12)    0.9879
	(20,17,15)    0.9535
	(20,17,16)    0.1810
	(20,18, 6)    0.6532
	(20,18, 8)    0.5558
	(20,18,17)    0.2165
	(20,19, 5)    0.1785
	(20,19, 6)    0.3748
	(20,19, 7)    0.5942
	(20,19,19)    0.4368
	(20,20, 1)    0.6386
	(20,20,11)    0.5951
	(20,20,12)    0.4487
	(20,20,19)    0.7365
