ans is a sparse tensor of size 10 x 10 x 10 with 333 nonzeros
	( 1, 1, 1)    0.5812
	( 1, 1, 5)    0.0706
	( 1, 1, 9)    0.3742
	( 1, 1,10)    0.0336
	( 1, 2, 1)    0.4061
	( 1, 2, 2)    0.6580
	( 1, 2, 4)    0.5752
	( 1, 2, 6)    0.9760
	( 1, 2, 7)    0.4416
	( 1, 3, 3)    0.7778
	( 1, 4, 1)    0.5695
	( 1, 4, 2)    0.0211
	( 1, 4, 3)    0.5123
	( 1, 4, 4)    0.4076
	( 1, 4, 7)    0.2198
	( 1, 4, 9)    0.2305
	( 1, 5, 7)    0.4385
	( 1, 5, 9)    0.9199
	( 1, 6, 3)    0.3190
	( 1, 6, 7)    0.2843
	( 1, 6, 8)    0.3638
	( 1, 6,10)    0.4993
	( 1, 7, 1)    0.8135
	( 1, 7, 2)    0.2348
	( 1, 7, 8)    0.0223
	( 1, 7,10)    0.3011
	( 1, 8, 1)    0.2981
	( 1, 8, 4)    0.8259
	( 1, 9, 8)    0.1364
	( 1, 9, 9)    0.8146
	( 1,10, 1)    0.8611
	( 1,10, 3)    0.5529
	( 1,10, 8)    0.0185
	( 1,10,10)    0.5078
	( 2, 1, 2)    0.7136
	( 2, 1, 9)    0.6977
	( 2, 2, 2)    0.8935
	( 2, 2,10)    0.7012
	( 2, 3, 5)    0.9373
	( 2, 3, 6)    0.0109
	( 2, 3,10)    0.8197
	( 2, 4, 3)    0.0343
	( 2, 4, 4)    0.5162
	( 2, 4, 8)    0.6533
	( 2, 5, 1)    0.7541
	( 2, 5, 6)    0.2800
	( 2, 5,10)    0.6031
	( 2, 6, 3)    0.8888
	( 2, 6, 5)    0.6432
	( 2, 7, 1)    0.7861
	( 2, 7, 3)    0.4911
	( 2, 7, 4)    0.4035
	( 2, 7, 6)    0.8774
	( 2, 7, 9)    0.7082
	( 2, 8, 1)    0.8265
	( 2, 8, 3)    0.0107
	( 2, 8, 6)    0.0956
	( 2, 8, 9)    0.5433
	( 2, 9, 6)    0.8562
	( 2, 9, 9)    0.2644
	( 2,10, 4)    0.7755
	( 2,10,10)    0.6379
	( 3, 1, 2)    0.7251
	( 3, 1, 6)    0.8946
	( 3, 2, 6)    0.7680
	( 3, 2, 7)    0.2068
	( 3, 2, 8)    0.0433
	( 3, 3, 4)    0.1536
	( 3, 3, 5)    0.7183
	( 3, 3, 7)    0.1286
	( 3, 3,10)    0.2208
	( 3, 4, 2)    0.4536
	( 3, 4, 4)    0.4653
	( 3, 4,10)    0.0898
	( 3, 6, 2)    0.5067
	( 3, 6, 3)    0.0765
	( 3, 6, 4)    0.1665
	( 3, 6, 6)    0.7477
	( 3, 6, 8)    0.3346
	( 3, 6, 9)    0.3051
	( 3, 7, 1)    0.8189
	( 3, 7, 2)    0.9820
	( 3, 7, 3)    0.9690
	( 3, 7, 7)    0.5766
	( 3, 7, 9)    0.2335
	( 3, 8, 4)    0.2921
	( 3, 8,10)    0.6738
	( 3, 9, 5)    0.5737
	( 3,10, 2)    0.1997
	( 3,10, 3)    0.9582
	( 3,10, 4)    0.3362
	( 3,10, 5)    0.1497
	( 3,10, 6)    0.3284
	( 3,10,10)    0.1131
	( 4, 1, 3)    0.7719
	( 4, 1, 5)    0.7926
	( 4, 1, 7)    0.5871
	( 4, 2, 2)    0.0792
	( 4, 2, 9)    0.1929
	( 4, 3, 1)    0.7754
	( 4, 3, 2)    0.3534
	( 4, 3, 3)    0.8389
	( 4, 3, 5)    0.1339
	( 4, 3, 7)    0.6981
	( 4, 3,10)    0.1903
	( 4, 4, 1)    0.3968
	( 4, 4, 3)    0.3389
	( 4, 4,10)    0.9227
	( 4, 5, 2)    0.8384
	( 4, 5, 3)    0.6295
	( 4, 5, 5)    0.8655
	( 4, 5, 9)    0.2163
	( 4, 5,10)    0.0649
	( 4, 6, 1)    0.6780
	( 4, 6, 4)    0.5351
	( 4, 6, 5)    0.5173
	( 4, 6, 8)    0.2557
	( 4, 6,10)    0.8528
	( 4, 7, 1)    0.8232
	( 4, 7, 2)    0.0166
	( 4, 7, 3)    0.4747
	( 4, 7, 7)    0.9441
	( 4, 8, 2)    0.4586
	( 4, 9, 1)    0.8500
	( 4, 9, 2)    0.5356
	( 4, 9, 3)    0.4341
	( 4, 9, 8)    0.0244
	( 4, 9, 9)    0.5044
	( 4, 9,10)    0.8765
	( 4,10, 3)    0.9082
	( 4,10, 4)    0.2852
	( 4,10, 5)    0.1327
	( 4,10, 8)    0.0001
	( 4,10, 9)    0.3180
	( 5, 1, 2)    0.5301
	( 5, 1, 4)    0.8292
	( 5, 1, 6)    0.6736
	( 5, 1, 7)    0.9130
	( 5, 2, 1)    0.7561
	( 5, 2, 4)    0.1685
	( 5, 2, 5)    0.9640
	( 5, 2, 6)    0.3483
	( 5, 2, 8)    0.5985
	( 5, 3, 2)    0.7314
	( 5, 3, 5)    0.8708
	( 5, 3,10)    0.3334
	( 5, 4, 3)    0.4630
	( 5, 4, 8)    0.1669
	( 5, 4,10)    0.4664
	( 5, 5, 2)    0.4564
	( 5, 5, 4)    0.1278
	( 5, 5, 7)    0.6399
	( 5, 5, 8)    0.8965
	( 5, 5,10)    0.4274
	( 5, 6, 1)    0.1758
	( 5, 6, 3)    0.2949
	( 5, 6, 5)    0.0587
	( 5, 6, 6)    0.0602
	( 5, 7, 4)    0.0267
	( 5, 7, 6)    0.5505
	( 5, 7, 7)    0.5631
	( 5, 7,10)    0.3046
	( 5, 8, 3)    0.7545
	( 5, 8, 5)    0.6711
	( 5, 9, 1)    0.9398
	( 5, 9, 2)    0.4852
	( 5, 9, 7)    0.5181
	( 5, 9, 9)    0.7892
	( 5,10, 1)    0.5712
	( 5,10, 3)    0.7665
	( 5,10, 7)    0.9202
	( 5,10, 8)    0.2103
	( 6, 1, 7)    0.6081
	( 6, 2, 1)    0.4657
	( 6, 2, 2)    0.6167
	( 6, 2, 3)    0.2031
	( 6, 2, 4)    0.6776
	( 6, 3, 3)    0.0173
	( 6, 3, 5)    0.2266
	( 6, 3, 6)    0.9145
	( 6, 3, 7)    0.7684
	( 6, 3, 9)    0.5333
	( 6, 3,10)    0.0684
	( 6, 4, 1)    0.1996
	( 6, 4, 3)    0.0120
	( 6, 4, 5)    0.9666
	( 6, 4, 6)    0.8322
	( 6, 4,10)    0.4453
	( 6, 5, 2)    0.9905
	( 6, 5, 3)    0.7943
	( 6, 5, 5)    0.4886
	( 6, 5, 6)    0.1306
	( 6, 6, 1)    0.2122
	( 6, 6, 4)    0.8311
	( 6, 6, 6)    0.3238
	( 6, 6, 7)    0.7388
	( 6, 6, 8)    0.1599
	( 6, 7, 2)    0.7315
	( 6, 7, 3)    0.0537
	( 6, 7, 4)    0.7144
	( 6, 7, 5)    0.1217
	( 6, 7, 9)    0.9840
	( 6, 8, 1)    0.5931
	( 6, 8, 2)    0.2695
	( 6, 8, 5)    0.4320
	( 6, 8, 9)    0.9305
	( 6, 9, 5)    0.5079
	( 6,10, 4)    0.0641
	( 6,10, 6)    0.6591
	( 6,10, 9)    0.4492
	( 7, 1, 1)    0.1472
	( 7, 1, 2)    0.7752
	( 7, 2, 1)    0.5313
	( 7, 2, 4)    0.0879
	( 7, 2, 7)    0.9005
	( 7, 2, 8)    0.8682
	( 7, 3, 2)    0.0563
	( 7, 3, 8)    0.6401
	( 7, 3, 9)    0.8893
	( 7, 4, 3)    0.3477
	( 7, 4, 5)    0.6667
	( 7, 5, 3)    0.4545
	( 7, 5, 4)    0.4469
	( 7, 5, 7)    0.0170
	( 7, 5, 8)    0.8614
	( 7, 6, 1)    0.9378
	( 7, 6, 4)    0.4788
	( 7, 7, 2)    0.5698
	( 7, 7, 7)    0.9928
	( 7, 8, 1)    0.4041
	( 7, 8, 4)    0.2198
	( 7, 8, 7)    0.8665
	( 7, 8, 8)    0.6890
	( 7, 9, 1)    0.1715
	( 7, 9, 3)    0.0090
	( 7, 9, 5)    0.1691
	( 7, 9, 6)    0.2064
	( 7, 9, 8)    0.9016
	( 7,10, 1)    0.7091
	( 7,10, 5)    0.1319
	( 7,10, 6)    0.4252
	( 7,10, 8)    0.6614
	( 7,10,10)    0.3224
	( 8, 1, 1)    0.5974
	( 8, 1, 2)    0.2106
	( 8, 1, 3)    0.1896
	( 8, 1, 4)    0.2083
	( 8, 1, 8)    0.7133
	( 8, 1, 9)    0.2527
	( 8, 1,10)    0.2700
	( 8, 2, 4)    0.4818
	( 8, 2, 5)    0.2207
	( 8, 2, 8)    0.3547
	( 8, 3, 1)    0.6377
	( 8, 3, 3)    0.7498
	( 8, 3, 4)    0.4924
	( 8, 4, 1)    0.6174
	( 8, 4, 8)    0.3195
	( 8, 4, 9)    0.3025
	( 8, 5, 8)    0.1418
	( 8, 6, 1)    0.8443
	( 8, 6, 2)    0.2882
	( 8, 6, 5)    0.9088
	( 8, 6, 7)    0.1132
	( 8, 6, 8)    0.6139
	( 8, 7, 2)    0.2839
	( 8, 7, 3)    0.5081
	( 8, 7, 4)    0.5389
	( 8, 7, 6)    0.0522
	( 8, 8, 1)    0.4371
	( 8, 8, 4)    0.2187
	( 8, 8, 6)    0.9183
	( 8, 8, 7)    0.6915
	( 8, 8,10)    0.1159
	( 8, 9, 6)    0.3596
	( 8, 9, 7)    0.3061
	( 8, 9, 9)    0.3022
	( 8,10, 2)    0.5614
	( 8,10, 4)    0.7961
	( 9, 1, 8)    0.4699
	( 9, 2, 1)    0.7912
	( 9, 2, 5)    0.4188
	( 9, 2, 8)    0.7395
	( 9, 2,10)    0.3575
	( 9, 3, 4)    0.9498
	( 9, 3, 6)    0.7501
	( 9, 3, 8)    0.0196
	( 9, 4, 1)    0.7552
	( 9, 4, 3)    0.9118
	( 9, 4, 5)    0.3478
	( 9, 4, 7)    0.0713
	( 9, 5, 2)    0.8551
	( 9, 5, 4)    0.0944
	( 9, 7, 2)    0.5496
	( 9, 7, 3)    0.9155
	( 9, 7, 5)    0.5220
	( 9, 7, 9)    0.0520
	( 9, 8, 1)    0.4409
	( 9, 8, 3)    0.6912
	( 9, 8, 5)    0.2614
	( 9, 9, 4)    0.8959
	( 9, 9, 6)    0.4597
	( 9, 9,10)    0.2320
	( 9,10, 4)    0.1959
	(10, 1, 4)    0.8497
	(10, 2, 3)    0.7416
	(10, 2,10)    0.6622
	(10, 3, 3)    0.1071
	(10, 3, 4)    0.8362
	(10, 4, 3)    0.4549
	(10, 4, 4)    0.6506
	(10, 4, 6)    0.9044
	(10, 4, 7)    0.1107
	(10, 4, 8)    0.6038
	(10, 5, 1)    0.0164
	(10, 5, 2)    0.0912
	(10, 5, 6)    0.9057
	(10, 6, 1)    0.5476
	(10, 6, 5)    0.6442
	(10, 7, 6)    0.2359
	(10, 7, 7)    0.6206
	(10, 7, 9)    0.0790
	(10, 7,10)    0.6458
	(10, 8, 7)    0.1763
	(10, 8, 9)    0.6189
	(10, 8,10)    0.9703
	(10, 9, 2)    0.6692
	(10, 9, 3)    0.3318
	(10, 9, 4)    0.4579
	(10, 9, 5)    0.0249
	(10,10, 2)    0.5231
	(10,10, 4)    0.9892
	(10,10, 8)    0.7234
