X is a sparse tensor of size 10 x 10 x 10 with 96 nonzeros
	( 1, 1, 7)    0.3796
	( 1, 2, 5)    0.3191
	( 1, 3, 2)    0.9861
	( 1, 5, 6)    0.7182
	( 1, 6, 1)    0.4132
	( 1, 6, 7)    0.0986
	( 1, 6,10)    0.7346
	( 1, 7, 6)    0.6373
	( 1, 7,10)    0.0738
	( 1,10, 1)    0.1205
	( 1,10,10)    0.9816
	( 2, 2,10)    0.4968
	( 2, 3, 9)    0.0224
	( 2, 5, 3)    0.0538
	( 2, 6, 4)    0.1409
	( 2, 6, 5)    0.8935
	( 2, 6, 9)    0.4658
	( 2, 9, 6)    0.5609
	( 2,10, 6)    0.4945
	( 2,10, 8)    0.0678
	( 3, 1, 6)    0.8976
	( 3, 2, 7)    0.2886
	( 3, 2, 9)    0.2690
	( 3, 5, 6)    0.5942
	( 3, 7, 1)    0.4759
	( 3, 8, 2)    0.3683
	( 3, 8,10)    0.6556
	( 3, 9, 6)    0.9382
	( 3,10, 3)    0.6204
	( 4, 1, 8)    0.2828
	( 4, 4, 8)    0.2052
	( 4, 5, 2)    0.4391
	( 4, 6, 9)    0.0273
	( 4, 7, 4)    0.8762
	( 4, 7, 9)    0.6101
	( 4, 9, 8)    0.2036
	( 5, 1, 6)    0.5199
	( 5, 2, 8)    0.0538
	( 5, 4,10)    0.8622
	( 5, 5, 7)    0.4429
	( 5, 6, 7)    0.5480
	( 5, 7, 1)    0.5669
	( 5, 7, 4)    0.6804
	( 5, 8, 9)    0.3714
	( 5, 9, 4)    0.0782
	( 5,10, 3)    0.4564
	( 5,10, 8)    0.0478
	( 5,10, 9)    0.7383
	( 6, 1, 5)    0.0380
	( 6, 1, 7)    0.9542
	( 6, 1,10)    0.7424
	( 6, 3, 1)    0.9374
	( 6, 3, 3)    0.5134
	( 6, 3, 9)    0.2409
	( 6, 4, 7)    0.2600
	( 6, 5, 4)    0.7590
	( 6, 5, 7)    0.9933
	( 6, 6, 9)    0.3567
	( 6,10, 8)    0.7529
	( 7, 3, 7)    0.1100
	( 7, 3, 8)    0.5970
	( 7, 4, 1)    0.4306
	( 7, 5, 7)    0.7307
	( 7, 6, 1)    0.2612
	( 7, 7, 4)    0.0948
	( 7, 9, 2)    0.4510
	( 7, 9, 4)    0.6401
	( 7, 9, 9)    0.1320
	( 8, 2, 8)    0.4528
	( 8, 4, 3)    0.6522
	( 8, 5, 4)    0.8270
	( 8, 9, 1)    0.3081
	( 8, 9, 5)    0.4024
	( 8,10,10)    0.8842
	( 9, 1, 2)    0.7006
	( 9, 1, 7)    0.2419
	( 9, 2, 1)    0.7598
	( 9, 2, 3)    0.2909
	( 9, 2, 6)    0.2774
	( 9, 3, 3)    0.0061
	( 9, 4, 1)    0.3747
	( 9, 4, 4)    0.4369
	( 9, 4,10)    0.3043
	( 9, 5, 4)    0.2909
	( 9, 5, 6)    0.2425
	( 9, 6, 4)    0.9367
	( 9, 6, 5)    0.8602
	( 9, 6,10)    0.3972
	( 9, 7, 2)    0.4794
	( 9, 8, 7)    0.5650
	( 9, 8, 8)    0.4896
	( 9, 9, 2)    0.2698
	( 9, 9, 6)    0.9897
	( 9,10, 7)    0.1837
	(10, 5, 3)    0.8617
	(10,10, 9)    0.0326
