%%MatrixMarket tensor coordinate real    general            
4 4 4 64
0 0 0 1
0 0 1 2
0 0 2 3
0 0 3 4
0 1 0 5
0 1 1 6
0 1 2 7
0 1 3 8
0 2 0 9
0 2 1 10
0 2 2 11
0 2 3 12
0 3 0 13
0 3 1 14
0 3 2 15
0 3 3 16
1 0 0 17
1 0 1 18
1 0 2 19
1 0 3 20
1 1 0 21
1 1 1 22
1 1 2 23
1 1 3 24
1 2 0 25
1 2 1 26
1 2 2 27
1 2 3 28
1 3 0 29
1 3 1 30
1 3 2 31
1 3 3 32
2 0 0 33
2 0 1 34
2 0 2 35
2 0 3 36
2 1 0 37
2 1 1 38
2 1 2 39
2 1 3 40
2 2 0 41
2 2 1 42
2 2 2 43
2 2 3 44
2 3 0 45
2 3 1 46
2 3 2 47
2 3 3 48
3 0 0 49
3 0 1 50
3 0 2 51
3 0 3 52
3 1 0 53
3 1 1 54
3 1 2 55
3 1 3 56
3 2 0 57
3 2 1 58
3 2 2 59
3 2 3 60
3 3 0 61
3 3 1 62
3 3 2 63
3 3 3 64
